1 01-Jan 4 0.066103 5.0 
1 01-Jan 28 0.065589 5.0 
2 02-Jan 4 0.065673 5.0 
2 02-Jan 28 0.065551 5.0 
3 03-Jan 4 0.065500 5.0 
3 03-Jan 28 0.065616 5.0 
4 04-Jan 4 0.065518 5.0 
4 04-Jan 28 0.065797 5.0 
5 05-Jan 4 0.065782 5.0 
5 05-Jan 28 0.065888 5.0 
6 06-Jan 4 0.065695 5.0 
6 06-Jan 28 0.065525 5.0 
9 09-Jan 4 0.065500 5.0 
9 09-Jan 28 0.065715 5.0 
10 10-Jan 4 0.065674 5.0 
10 10-Jan 28 0.065460 5.0 
11 11-Jan 4 0.065346 5.0 
11 11-Jan 28 0.065550 5.0 
12 12-Jan 4 0.065490 5.0 
12 12-Jan 28 0.065715 5.0 
13 13-Jan 4 0.065938 5.0 
13 13-Jan 28 0.065625 5.0 
14 14-Jan 4 0.065552 5.0 
15 15-Jan 4 0.065326 5.0 
15 15-Jan 28 0.065627 5.0 
16 16-Jan 4 0.065338 5.0 
16 16-Jan 28 0.065938 5.0 
17 17-Jan 4 0.066045 5.0 
17 17-Jan 28 0.065736 5.0 
18 18-Jan 4 0.065734 5.0 
18 18-Jan 28 0.065601 5.0 
19 19-Jan 4 0.065606 5.0 
19 19-Jan 28 0.065605 5.0 
20 20-Jan 4 0.065262 5.0 
20 20-Jan 28 0.065304 5.0 
21 21-Jan 28 0.065641 5.0 
22 22-Jan 4 0.065153 5.0 
22 22-Jan 28 0.065300 5.0 
23 23-Jan 4 0.065200 5.0 
23 23-Jan 28 0.065248 5.0 
24 24-Jan 4 0.065052 5.0 
24 24-Jan 28 0.064860 5.0 
25 25-Jan 4 0.065243 5.0 
25 25-Jan 28 0.065522 5.0 
26 26-Jan 4 0.065587 5.0 
26 26-Jan 28 0.065831 5.0 
27 27-Jan 4 0.065692 5.0 
27 27-Jan 28 0.066044 5.0 
28 28-Jan 4 0.066031 5.0 
28 28-Jan 28 0.065115 5.0 
29 29-Jan 4 0.064953 5.0
29 29-Jan 28 0.065284 5.0 
30 30-Jan 4 0.065263 5.0 
30 30-Jan 28 0.066288 5.0 
31 31-Jan 4 0.065758 5.0 
31 31-Jan 28 0.065749 5.0 
32 01-Feb 4 0.066007 5.0 
32 01-Feb 28 0.065283 5.0 
33 02-Feb 4 0.065668 5.0 
35 04-Feb 4 0.065906 5.0 
35 04-Feb 28 0.065518 5.0 
36 05-Feb 28 0.065852 5.0 
37 06-Feb 4 0.065901 5.0 
37 06-Feb 28 0.065950 5.0 
38 07-Feb 4 0.065903 5.0 
38 07-Feb 28 0.065542 5.0 
39 08-Feb 4 0.065445 5.0 
39 08-Feb 28 0.065790 5.0 
40 09-Feb 4 0.066065 5.0 
40 09-Feb 28 0.065558 5.0 
41 10-Feb 4 0.065687 5.0 
41 10-Feb 28 0.066165 5.0 
42 11-Feb 4 0.066152 5.0 
42 11-Feb 28 0.065588 5.0 
43 12-Feb 28 0.065574 5.0 
45 14-Feb 4 0.065498 5.0 
46 15-Feb 28 0.065058 5.0 
47 16-Feb 28 0.065340 5.0 
48 17-Feb 28 0.064988 5.0 
49 18-Feb 4 0.065268 5.0 
49 18-Feb 28 0.064522 5.0 
50 19-Feb 4 0.064759 5.0 
50 19-Feb 28 0.065436 5.0 
51 20-Feb 28 0.065201 5.0 
52 21-Feb 4 0.065391 5.0 
52 21-Feb 28 0.065057 5.0 
53 22-Feb 4 0.065305 5.0 
53 22-Feb 28 0.064897 5.0 
55 24-Feb 4 0.065156 5.0 
55 24-Feb 28 0.064667 5.0 
56 25-Feb 4 0.065185 5.0 
56 25-Feb 28 0.064842 5.0 
57 26-Feb 4 0.065115 5.0 
57 26-Feb 28 0.064575 5.0 
58 27-Feb 4 0.064484 5.0 
58 27-Feb 28 0.064146 5.0 
59 28-Feb 28 0.065088 5.0 
61 01-Mar 28 0.064908 5.0 
62 02-Mar 28 0.064264 5.0 
63 03-Mar 28 0.064962 5.0 
64 04-Mar 28 0.064246 5.0 
65 05-Mar 28 0.064147 5.0 
67 07-Mar 28 0.064847 5.0
68 08-Mar 28 0.064907 5.0 
69 09-Mar 28 0.064692 5.0 
70 10-Mar 28 0.064734 5.0 
75 15-Mar 28 0.064699 5.0 
76 16-Mar 28 0.065117 5.0 
77 17-Mar 28 0.064732 5.0 
78 18-Mar 28 0.065050 5.0 
81 21-Mar 28 0.064710 5.0 
82 22-Mar 28 0.065112 5.0 
83 23-Mar 28 0.064810 5.0 
85 25-Mar 28 0.065213 5.0 
86 26-Mar 28 0.064576 5.0 
87 27-Mar 28 0.064861 5.0 
88 28-Mar 28 0.065051 5.0 
89 29-Mar 28 0.065285 5.0 
90 30-Mar 28 0.064746 5.0
92 01-Apr 28 0.065073 5.0 
93 02-Apr 28 0.065085 5.0 
95 04-Apr 28 0.064961 5.0 
97 06-Apr 28 0.065112 5.0 
98 07-Apr 28 0.065283 5.0 
101 10-Apr 28 0.064626 5.0 
102 11-Apr 28 0.065316 5.0 
103 12-Apr 28 0.065168 5.0 
104 13-Apr 18 0.078202 5.0 
104 13-Apr 28 0.077699 5.0 
105 14-Apr 28 0.077513 5.0 
106 15-Apr 28 0.078290 5.0 
107 16-Apr 28 0.078375 5.0 
108 17-Apr 28 0.078192 5.0 
111 20-Apr 28 0.078427 5.0 
112 21-Apr 28 0.078297 5.0 
115 24-Apr 28 0.078782 5.0 
116 25-Apr 28 0.078133 5.0 
118 27-Apr 28 0.078630 5.0 
119 28-Apr 28 0.078349 5.0 
120 29-Apr 28 0.078242 5.0 
129 08-May 28 0.078015 5.0 
131 10-May 28 0.077831 5.0 
132 11-May 28 0.077920 5.0 
133 12-May 28 0.078104 5.0 
134 13-May 28 0.077864 5.0 
135 14-May 28 0.077384 5.0 
136 15-May 28 0.078148 5.0 
138 17-May 28 0.077690 5.0 
139 18-May 28 0.077769 5.0 
141 20-May 28 0.077998 5.0 
150 29-May 28 0.077707 5.0 
154 02-Jun 28 0.078081 5.0 
156 04-Jun 28 0.077813 5.0 
157 05-Jun 28 0.077657 5.0 
159 07-Jun 28 0.078045 5.0 
162 10-Jun 28 0.077810 5.0 
165 13-Jun 28 0.078082 5.0 
166 14-Jun 28 0.077664 5.0 
167 15-Jun 28 0.077762 5.0 
168 16-Jun 28 0.077920 5.0 
169 17-Jun 28 0.078183 5.0 
170 18-Jun 28 0.077995 5.0 
172 20-Jun 28 0.078262 5.0 
174 22-Jun 28 0.078350 5.0 
175 23-Jun 28 0.077707 5.0 
176 24-Jun 28 0.078137 5.0 
179 27-Jun 28 0.077970 5.0 
180 28-Jun 28 0.077564 5.0 
181 29-Jun 28 0.078011 5.0 
182 30-Jun 28 0.078210 5.0 
183 01-Jul 28 0.077874 5.0 
184 02-Jul 28 0.077944 5.0 
185 03-Jul 28 0.077828 5.0 
186 04-Jul 28 0.077986 5.0 
189 07-Jul 28 0.077741 5.0 
190 08-Jul 28 0.078124 5.0 
191 09-Jul 28 0.078265 5.0 
192 10-Jul 28 0.077761 5.0 
195 13-Jul 28 0.077824 5.0 
199 17-Jul 28 0.078255 5.0 
201 19-Jul 28 0.078043 5.0 
202 20-Jul 28 0.078284 5.0 
203 21-Jul 28 0.078411 5.0 
204 22-Jul 28 0.078226 5.0 
205 23-Jul 28 0.077890 5.0 
206 24-Jul 28 0.078235 5.0 
210 28-Jul 28 0.078075 5.0 
215 02-Aug 28 0.078278 5.0 
218 05-Aug 28 0.078185 5.0 
221 08-Aug 28 0.078337 5.0 
223 10-Aug 28 0.078473 5.0 
224 11-Aug 28 0.078169 5.0 
232 19-Aug 28 0.078136 5.0 
238 25-Aug 28 0.077873 5.0 
239 26-Aug 28 0.077788 5.0 
242 29-Aug 28 0.078058 5.0 
244 31-Aug 28 0.077708 5.0 
245 01-Sep 28 0.077412 5.0 
246 02-Sep 28 0.077517 5.0 
247 03-Sep 28 0.077308 5.0 
248 04-Sep 28 0.077332 5.0 
249 05-Sep 28 0.077658 5.0
250 06-Sep 28 0.077594 5.0 
251 07-Sep 28 0.077429 5.0 
252 08-Sep 28 0.077052 5.0 
253 09-Sep 28 0.077732 5.0 
255 11-Sep 28 0.077974 5.0 
256 12-Sep 28 0.077931 5.0 
257 13-Sep 28 0.077958 5.0 
258 14-Sep 28 0.078168 5.0 
259 15-Sep 28 0.078280 5.0 
260 16-Sep 28 0.077999 5.0 
262 18-Sep 28 0.078042 5.0 
263 19-Sep 28 0.078201 5.0 
264 20-Sep 28 0.078079 5.0 
265 21-Sep 28 0.078317 5.0 
266 22-Sep 28 0.077917 5.0 
267 23-Sep 28 0.078260 5.0 
268 24-Sep 28 0.077947 5.0 
269 25-Sep 28 0.078455 5.0 
271 27-Sep 28 0.078709 5.0 
272 28-Sep 28 0.078350 5.0 
273 29-Sep 28 0.078586 5.0 
274 30-Sep 28 0.079007 5.0 
276 02-Oct 28 0.078685 5.0 
277 03-Oct 28 0.079167 5.0 
280 06-Oct 28 0.079260 5.0 
281 07-Oct 28 0.079478 5.0 
283 09-Oct 28 0.079374 5.0 
284 10-Oct 28 0.078765 5.0 
285 11-Oct 28 0.079184 5.0 
286 12-Oct 28 0.079660 5.0 
287 13-Oct 4 0.079186 5.0 
287 13-Oct 28 0.079525 5.0 
288 14-Oct 4 0.079249 5.0 
288 14-Oct 28 0.079572 5.0 
289 15-Oct 4 0.079154 5.0 
290 16-Oct 4 0.079081 5.0 
290 16-Oct 28 0.079437 5.0 
291 17-Oct 4 0.079152 5.0 
291 17-Oct 28 0.079312 5.0 
292 18-Oct 4 0.079066 5.0 
292 18-Oct 28 0.079892 5.0 
293 19-Oct 4 0.079875 5.0 
293 19-Oct 28 0.080162 5.0 
294 20-Oct 4 0.080103 5.0 
294 20-Oct 28 0.079827 5.0 
295 21-Oct 4 0.079620 5.0 
295 21-Oct 28 0.079843 5.0 
296 22-Oct 4 0.079478 5.0
296 22-Oct 28 0.079911 5.0 
297 23-Oct 4 0.079768 5.0 
297 23-Oct 28 0.080036 5.0 
298 24-Oct 4 0.080118 5.0 
298 24-Oct 28 0.079914 5.0 
299 25-Oct 4 0.080070 5.0 
299 25-Oct 28 0.080248 5.0 
300 26-Oct 4 0.079934 5.0 
300 26-Oct 28 0.079971 5.0 
301 27-Oct 28 0.080217 5.0 
302 28-Oct 4 0.079580 5.0 
302 28-Oct 28 0.080191 5.0 
303 29-Oct 4 0.080305 5.0 
303 29-Oct 28 0.080345 5.0 
304 30-Oct 4 0.080143 5.0 
305 31-Oct 4 0.079786 5.0 
305 31-Oct 28 0.080161 5.0 
306 01-Nov 28 0.080612 5.0 
307 02-Nov 4 0.080298 5.0 
308 03-Nov 4 0.080041 5.0 
308 03-Nov 28 0.080381 5.0 
312 07-Nov 4 0.079998 5.0 
312 07-Nov 28 0.080240 5.0 
313 08-Nov 4 0.079955 5.0 
313 08-Nov 28 0.080297 5.0 
314 09-Nov 4 0.079706 5.0 
314 09-Nov 28 0.080010 5.0 
315 10-Nov 4 0.079821 5.0 
316 11-Nov 4 0.079578 5.0 
316 11-Nov 28 0.080113 5.0 
317 12-Nov 4 0.079962 5.0 
317 12-Nov 28 0.080359 5.0 
318 13-Nov 4 0.080108 5.0 
318 13-Nov 28 0.080542 5.0 
319 14-Nov 4 0.080287 5.0 
319 14-Nov 28 0.079669 5.0 
320 15-Nov 28 0.080348 5.0 
321 16-Nov 4 0.080701 5.0 
321 16-Nov 28 0.080074 5.0 
322 17-Nov 4 0.079896 5.0 
322 17-Nov 28 0.080786 5.0 
323 18-Nov 4 0.079952 5.0 
323 18-Nov 28 0.080198 5.0 
324 19-Nov 4 0.079708 5.0 
324 19-Nov 28 0.080027 5.0 
325 20-Nov 4 0.079338 5.0 
325 20-Nov 28 0.079868 5.0 
326 21-Nov 4 0.080280 5.0 
326 21-Nov 28 0.080386 5.0 
327 22-Nov 4 0.079550 5.0 
327 22-Nov 28 0.080058 5.0 
328 23-Nov 4 0.079732 5.0 
328 23-Nov 28 0.080428 5.0
329 24-Nov 4 0.080195 5.0 
329 24-Nov 28 0.080411 5.0 
330 25-Nov 4 0.079850 5.0 
330 25-Nov 28 0.080322 5.0 
332 27-Nov 4 0.080314 5.0 
332 27-Nov 28 0.080695 5.0 
333 28-Nov 4 0.080626 5.0 
333 28-Nov 28 0.080909 5.0 
334 29-Nov 4 0.080609 5.0 
334 29-Nov 28 0.080312 5.0 
335 30-Nov 4 0.079950 5.0 
335 30-Nov 18 0.066625 5.0 
335 30-Nov 28 0.067201 5.0 
336 01-Dec 4 0.066888 5.0 
336 01-Dec 28 0.067214 5.0 
337 02-Dec 28 0.067078 5.0 
338 03-Dec 4 0.067053 5.0 
338 03-Dec 28 0.067432 5.0 
339 04-Dec 4 0.067295 5.0 
339 04-Dec 28 0.067705 5.0 
340 05-Dec 4 0.067544 5.0 
340 05-Dec 28 0.067211 5.0 
341 06-Dec 4 0.066837 5.0 
341 06-Dec 28 0.067227 5.0 
342 07-Dec 4 0.067044 5.0 
342 07-Dec 28 0.067268 5.0 
343 08-Dec 4 0.067250 5.0 
343 08-Dec 28 0.067436 5.0 
344 09-Dec 4 0.067218 5.0 
344 09-Dec 28 0.067471 5.0 
345 10-Dec 4 0.067188 5.0 
345 10-Dec 28 0.067452 5.0 
346 11-Dec 28 0.067618 5.0 
347 12-Dec 4 0.067176 5.0 
347 12-Dec 28 0.067444 5.0 
348 13-Dec 4 0.067502 5.0 
348 13-Dec 28 0.067754 5.0 
349 14-Dec 4 0.067563 5.0 
349 14-Dec 28 0.067633 5.0 
350 15-Dec 4 0.067677 5.0 
350 15-Dec 28 0.067659 5.0 
351 16-Dec 4 0.067355 5.0 
351 16-Dec 28 0.067671 5.0 
352 17-Dec 4 0.067680 5.0 
352 17-Dec 28 0.067825 5.0 
353 18-Dec 4 0.067659 5.0 
353 18-Dec 28 0.067168 5.0 
354 19-Dec 28 0.067666 5.0 
355 20-Dec 4 0.067507 5.0 
356 21-Dec 28 0.067683 5.0 
357 22-Dec 4 0.067721 5.0 
357 22-Dec 28 0.068010 5.0 
358 23-Dec 4 0.067873 5.0 
358 23-Dec 28 0.067622 5.0 
359 24-Dec 4 0.067387 5.0
359 24-Dec 28 0.067625 5.0 
360 25-Dec 28 0.067730 5.0 
361 26-Dec 4 0.067843 5.0 
361 26-Dec 28 0.067970 5.0 
362 27-Dec 4 0.067625 5.0 
362 27-Dec 28 0.068122 5.0 
363 28-Dec 4 0.068144 5.0 
363 28-Dec 28 0.067525 5.0 
364 29-Dec 4 0.067228 5.0 
365 30-Dec 28 0.068004 5.0 
366 31-Dec 4 0.067879 5.0 
366 31-Dec 28 0.068506 5.0
