5 05-Jan 16 0.083638 5.0 
5 05-Jan 40 0.084008 5.0 
6 06-Jan 16 0.083572 5.0 
6 06-Jan 40 0.083872 5.0 
11 11-Jan 40 0.084185 5.0 
12 12-Jan 18 0.070154 5.0 
20 20-Jan 40 0.070417 5.0 
21 21-Jan 40 0.070681 5.0 
22 22-Jan 16 0.070332 5.0 
22 22-Jan 40 0.070651 5.0 
23 23-Jan 16 0.070369 5.0 
23 23-Jan 40 0.070612 5.0 
24 24-Jan 16 0.070370 5.0 
24 24-Jan 40 0.070665 5.0 
27 27-Jan 16 0.070357 5.0 
27 27-Jan 40 0.070620 5.0 
28 28-Jan 16 0.070400 5.0 
28 28-Jan 40 0.070676 5.0 
48 17-Feb 16 0.070880 5.0 
50 19-Feb 42 0.070655 5.0 
55 24-Feb 18 0.070386 5.0 
59 28-Feb 43 0.070174 5.0 
64 04-Mar 19 0.069968 5.0 
64 04-Mar 43 0.070199 5.0 
65 05-Mar 19 0.069975 5.0 
68 08-Mar 43 0.069728 5.0 
70 10-Mar 43 0.069511 5.0 
72 12-Mar 43 0.069232 5.0 
73 13-Mar 19 0.069472 5.0 
73 13-Mar 43 0.069226 5.0 
74 14-Mar 19 0.069428 5.0 
80 20-Mar 42 0.070001 5.0 
81 21-Mar 18 0.069496 5.0 
81 21-Mar 42 0.069831 5.0 
82 22-Mar 18 0.069507 5.0 
82 22-Mar 42 0.069723 5.0 
83 23-Mar 18 0.069459 5.0 
85 25-Mar 42 0.069242 5.0 
86 26-Mar 42 0.069473 5.0
93 02-Apr 18 0.069731 5.0 
93 02-Apr 42 0.069428 5.0 
94 03-Apr 18 0.069714 5.0 
94 03-Apr 42 0.069399 5.0
95 04-Apr 18 0.069752 5.0 
101 10-Apr 16 0.069484 5.0 
101 10-Apr 40 0.069813 5.0 
107 16-Apr 40 0.070127 5.0 
113 22-Apr 16 0.069704 5.0 
113 22-Apr 40 0.070043 5.0 
117 26-Apr 16 0.069818 5.0 
117 26-Apr 40 0.070063 5.0 
118 27-Apr 16 0.069825 5.0 
122 01-May 16 0.069612 5.0 
134 13-May 16 0.069175 5.0 
137 16-May 16 0.069487 5.0 
141 20-May 40 0.069746 5.0 
143 22-May 16 0.069361 5.0 
147 26-May 16 0.069665 5.0 
148 27-May 40 0.069413 5.0 
152 31-May 16 0.069647 5.0 
153 01-Jun 40 0.069293 5.0 
156 04-Jun 16 0.069535 5.0 
159 07-Jun 16 0.069762 5.0 
159 07-Jun 40 0.069473 5.0 
160 08-Jun 40 0.069094 5.0 
161 09-Jun 16 0.069404 5.0 
161 09-Jun 40 0.069085 5.0 
162 10-Jun 16 0.069383 5.0 
163 11-Jun 40 0.069117 5.0 
164 12-Jun 16 0.069438 5.0 
164 12-Jun 40 0.068995 5.0 
165 13-Jun 16 0.069312 5.0 
167 15-Jun 18 0.083175 5.0 
168 16-Jun 40 0.083474 5.0 
170 18-Jun 16 0.083230 5.0 
171 19-Jun 16 0.083567 5.0 
171 19-Jun 40 0.083291 5.0 
173 21-Jun 40 0.083739 5.0 
175 23-Jun 16 0.083949 5.0 
175 23-Jun 40 0.083454 5.0 
180 28-Jun 40 0.083851 5.0 
181 29-Jun 40 0.083471 5.0
184 02-Jul 16 0.083722 5.0 
184 02-Jul 40 0.083458 5.0 
185 03-Jul 16 0.083687 5.0 
188 06-Jul 16 0.083904 5.0 
188 06-Jul 40 0.083487 5.0 
192 10-Jul 40 0.083176 5.0 
193 11-Jul 16 0.083711 5.0 
193 11-Jul 40 0.083247 5.0 
194 12-Jul 16 0.083793 5.0 
194 12-Jul 40 0.083535 5.0 
195 13-Jul 16 0.083787 5.0 
196 14-Jul 40 0.083551 5.0 
197 15-Jul 16 0.083762 5.0 
197 15-Jul 40 0.083488 5.0 
198 16-Jul 16 0.084021 5.0 
198 16-Jul 40 0.083805 5.0 
200 18-Jul 40 0.084056 5.0 
201 19-Jul 40 0.083829 5.0 
203 21-Jul 40 0.084157 5.0 
213 31-Jul 40 0.083850 5.0 
215 02-Aug 40 0.084232 5.0 
219 06-Aug 16 0.084461 5.0 
220 07-Aug 40 0.084218 5.0 
234 21-Aug 42 0.083906 5.0 
235 22-Aug 18 0.084273 5.0 
235 22-Aug 42 0.083902 5.0 
236 23-Aug 18 0.084311 5.0 
236 23-Aug 42 0.083823 5.0 
237 24-Aug 18 0.084301 5.0 
237 24-Aug 42 0.083694 5.0 
238 25-Aug 18 0.084210 5.0 
238 25-Aug 42 0.083588 5.0 
239 26-Aug 18 0.084171 5.0 
239 26-Aug 42 0.083537 5.0 
240 27-Aug 18 0.084110 5.0 
240 27-Aug 42 0.083551 5.0 
241 28-Aug 18 0.084121 5.0 
241 28-Aug 42 0.083363 5.0 
242 29-Aug 19 0.084045 5.0 
242 29-Aug 42 0.083275 5.0 
243 30-Aug 18 0.084110 5.0 
243 30-Aug 42 0.083287 5.0 
244 31-Aug 18 0.084172 5.0 
244 31-Aug 42 0.083382 5.0 
245 01-Sep 18 0.084201 5.0 
245 01-Sep 42 0.083323 5.0 
246 02-Sep 18 0.084225 5.0 
246 02-Sep 42 0.083330 5.0 
247 03-Sep 18 0.084214 5.0 
247 03-Sep 42 0.083478 5.0 
248 04-Sep 18 0.084208 5.0
248 04-Sep 42 0.083488 5.0 
249 05-Sep 18 0.084131 5.0 
249 05-Sep 42 0.083392 5.0 
250 06-Sep 18 0.083939 5.0 
250 06-Sep 42 0.083348 5.0 
251 07-Sep 18 0.083893 5.0 
251 07-Sep 42 0.083378 5.0 
252 08-Sep 18 0.083829 5.0 
252 08-Sep 42 0.083265 5.0 
253 09-Sep 18 0.083780 5.0 
253 09-Sep 42 0.083293 5.0 
254 10-Sep 18 0.083845 5.0 
254 10-Sep 42 0.083467 5.0 
255 11-Sep 18 0.083870 5.0 
255 11-Sep 42 0.083581 5.0 
256 12-Sep 18 0.083984 5.0 
256 12-Sep 42 0.083514 5.0 
257 13-Sep 18 0.084011 5.0 
257 13-Sep 42 0.083621 5.0 
258 14-Sep 18 0.084043 5.0 
258 14-Sep 42 0.083705 5.0 
259 15-Sep 18 0.084086 5.0 
259 15-Sep 42 0.083707 5.0 
260 16-Sep 18 0.084038 5.0 
260 16-Sep 42 0.083591 5.0 
261 17-Sep 18 0.084036 5.0 
262 18-Sep 42 0.083575 5.0 
263 19-Sep 18 0.084121 5.0 
263 19-Sep 42 0.083726 5.0 
264 20-Sep 18 0.084148 5.0 
264 20-Sep 42 0.083697 5.0 
265 21-Sep 18 0.084155 5.0 
265 21-Sep 42 0.083709 5.0 
266 22-Sep 18 0.084154 5.0 
266 22-Sep 42 0.083613 5.0 
267 23-Sep 18 0.084109 5.0 
267 23-Sep 42 0.083739 5.0 
268 24-Sep 18 0.084087 5.0 
268 24-Sep 42 0.083667 5.0 
269 25-Sep 18 0.084061 5.0 
269 25-Sep 42 0.083576 5.0 
270 26-Sep 18 0.084061 5.0 
270 26-Sep 42 0.083546 5.0 
271 27-Sep 18 0.084094 5.0 
271 27-Sep 42 0.083630 5.0 
272 28-Sep 18 0.084185 5.0 
272 28-Sep 42 0.083794 5.0 
273 29-Sep 18 0.084250 5.0 
273 29-Sep 42 0.083772 5.0 
274 30-Sep 18 0.084275 5.0 
274 30-Sep 42 0.083977 5.0
275 01-Oct 18 0.084356 5.0 
275 01-Oct 42 0.084122 5.0 
276 02-Oct 18 0.084416 5.0 
281 07-Oct 16 0.084618 5.0 
281 07-Oct 40 0.084863 5.0 
283 09-Oct 40 0.085086 5.0 
289 15-Oct 40 0.085286 5.0 
292 18-Oct 16 0.085667 5.0 
293 19-Oct 16 0.085894 5.0 
294 20-Oct 16 0.085693 5.0 
296 22-Oct 16 0.085453 5.0 
298 24-Oct 16 0.085113 5.0 
298 24-Oct 40 0.085355 5.0 
299 25-Oct 16 0.085113 5.0 
300 26-Oct 40 0.085418 5.0 
301 27-Oct 40 0.085714 5.0 
302 28-Oct 40 0.085948 5.0 
304 30-Oct 17 0.071623 5.0 
308 03-Nov 16 0.071387 5.0 
310 05-Nov 40 0.071599 5.0 
312 07-Nov 40 0.071821 5.0 
313 08-Nov 16 0.071550 5.0 
315 10-Nov 40 0.071867 5.0 
318 13-Nov 40 0.072132 5.0 
322 17-Nov 40 0.072488 5.0 
324 19-Nov 16 0.072161 5.0 
324 19-Nov 40 0.072368 5.0 
335 30-Nov 40 0.072592 5.0 
337 02-Dec 16 0.072803 5.0 
340 05-Dec 40 0.073193 5.0 
344 09-Dec 40 0.073462 5.0 
346 11-Dec 16 0.073244 5.0 
346 11-Dec 40 0.073454 5.0 
347 12-Dec 16 0.073199 5.0 
347 12-Dec 40 0.073525 5.0 
348 13-Dec 16 0.073204 5.0 
348 13-Dec 40 0.073532 5.0 
349 14-Dec 16 0.073311 5.0 
349 14-Dec 40 0.073535 5.0 
350 15-Dec 16 0.073291 5.0 
350 15-Dec 40 0.073532 5.0 
354 19-Dec 40 0.073786 5.0 
356 21-Dec 40 0.074013 5.0 
360 25-Dec 16 0.073778 5.0 
360 25-Dec 40 0.074099 5.0 
361 26-Dec 16 0.073874 5.0 
361 26-Dec 40 0.074237 5.0 
362 27-Dec 16 0.074036 5.0 
362 27-Dec 40 0.074340 5.0 
363 28-Dec 16 0.074056 5.0
