2 02-Jan 16 0.074352 5.0 
3 03-Jan 40 0.074559 5.0 
5 05-Jan 16 0.074306 5.0 
9 09-Jan 40 0.074506 5.0 
15 15-Jan 16 0.074741 5.0 
15 15-Jan 40 0.074960 5.0 
17 17-Jan 16 0.074563 5.0 
22 22-Jan 16 0.074326 5.0 
23 23-Jan 40 0.074674 5.0 
25 25-Jan 40 0.075022 5.0 
26 26-Jan 16 0.074659 5.0 
26 26-Jan 40 0.074872 5.0 
27 27-Jan 16 0.074498 5.0 
29 29-Jan 40 0.074866 5.0 
35 04-Feb 16 0.074438 5.0 
37 06-Feb 16 0.074002 5.0 
37 06-Feb 40 0.074483 5.0 
38 07-Feb 16 0.073984 5.0 
38 07-Feb 40 0.074307 5.0 
39 08-Feb 16 0.074070 5.0 
39 08-Feb 40 0.074447 5.0 
40 09-Feb 16 0.074171 5.0 
40 09-Feb 40 0.074575 5.0 
43 12-Feb 40 0.074798 5.0 
44 13-Feb 16 0.074500 5.0 
48 17-Feb 19 0.074266 5.0 
51 20-Feb 42 0.074526 5.0 
52 21-Feb 19 0.074261 5.0 
57 26-Feb 14 0.073935 5.0 
57 26-Feb 38 0.074139 5.0 
58 27-Feb 14 0.073887 5.0 
58 27-Feb 38 0.074150 5.0 
59 28-Feb 14 0.073909 5.0 
60 01-Mar 38 0.074142 5.0 
64 05-Mar 38 0.073757 5.0 
66 07-Mar 14 0.073477 5.0 
83 24-Mar 14 0.073276 5.0 
84 25-Mar 14 0.073490 5.0 
86 27-Mar 38 0.073736 5.0 
88 29-Mar 38 0.073959 5.0
93 03-Apr 38 0.074168 5.0 
96 06-Apr 14 0.073958 5.0 
98 08-Apr 38 0.074159 5.0 
100 10-Apr 14 0.073837 5.0 
127 07-May 38 0.073578 5.0 
136 16-May 38 0.073232 5.0 
137 17-May 14 0.073582 5.0 
138 18-May 38 0.073356 5.0 
141 21-May 38 0.073138 5.0 
146 26-May 14 0.073386 5.0 
149 29-May 14 0.073614 5.0 
151 31-May 38 0.072941 5.0 
152 01-Jun 14 0.072614 5.0 
152 01-Jun 38 0.072991 5.0 
153 02-Jun 38 0.072902 5.0 
154 03-Jun 14 0.072812 5.0 
154 03-Jun 38 0.073040 5.0 
155 04-Jun 38 0.073060 5.0 
156 05-Jun 14 0.072854 5.0 
156 05-Jun 40 0.072977 5.0 
157 06-Jun 16 0.073148 5.0 
157 06-Jun 40 0.073027 5.0 
158 07-Jun 16 0.072625 5.0 
158 07-Jun 40 0.072894 5.0 
159 08-Jun 16 0.072793 5.0 
159 08-Jun 40 0.072780 5.0 
160 09-Jun 16 0.072380 5.0 
160 09-Jun 40 0.072621 5.0 
161 10-Jun 16 0.072668 5.0 
161 10-Jun 40 0.072867 5.0 
162 11-Jun 16 0.072315 5.0 
162 11-Jun 40 0.072847 5.0 
163 12-Jun 16 0.072646 5.0 
163 12-Jun 40 0.072717 5.0 
164 13-Jun 16 0.072598 5.0 
164 13-Jun 40 0.072837 5.0 
165 14-Jun 16 0.072640 5.0 
165 14-Jun 40 0.072756 5.0 
166 15-Jun 16 0.072612 5.0 
166 15-Jun 40 0.073054 5.0 
167 16-Jun 16 0.072561 5.0 
167 16-Jun 40 0.073017 5.0 
168 17-Jun 16 0.072838 5.0 
168 17-Jun 40 0.072671 5.0 
169 18-Jun 16 0.072435 5.0 
169 18-Jun 40 0.072733 5.0 
170 19-Jun 16 0.072053 5.0 
170 19-Jun 40 0.072665 5.0 
171 20-Jun 16 0.072520 5.0 
171 20-Jun 40 0.072787 5.0 
172 21-Jun 40 0.073025 5.0 
173 22-Jun 16 0.072735 5.0 
173 22-Jun 40 0.072820 5.0 
174 23-Jun 16 0.072510 5.0 
174 23-Jun 40 0.073103 5.0 
175 24-Jun 16 0.072926 5.0 
175 24-Jun 40 0.072927 5.0 
176 25-Jun 16 0.072777 5.0 
176 25-Jun 40 0.072948 5.0 
177 26-Jun 16 0.072247 5.0 
177 26-Jun 40 0.072932 5.0 
178 27-Jun 16 0.072290 5.0 
178 27-Jun 40 0.073012 5.0 
179 28-Jun 16 0.072636 5.0 
179 28-Jun 40 0.072795 5.0 
180 29-Jun 16 0.072402 5.0 
180 29-Jun 40 0.072825 5.0 
181 30-Jun 16 0.072964 5.0 
181 30-Jun 40 0.072888 5.0
182 01-Jul 16 0.072841 5.0 
182 01-Jul 40 0.073163 5.0 
183 02-Jul 16 0.072681 5.0 
183 02-Jul 18 0.087218 5.0 
184 03-Jul 25 0.087400 5.0 
184 03-Jul 40 0.087367 5.0 
185 04-Jul 16 0.086883 5.0 
185 04-Jul 40 0.087791 5.0 
186 05-Jul 16 0.087649 5.0 
186 05-Jul 40 0.087792 5.0 
187 06-Jul 16 0.087545 5.0 
188 07-Jul 16 0.087671 5.0 
188 07-Jul 40 0.087751 5.0 
189 08-Jul 16 0.087615 5.0 
189 08-Jul 40 0.087871 5.0 
190 09-Jul 16 0.087471 5.0 
190 09-Jul 40 0.088254 5.0 
191 10-Jul 16 0.087728 5.0 
191 10-Jul 40 0.087938 5.0 
192 11-Jul 16 0.087774 5.0 
192 11-Jul 40 0.087849 5.0 
193 12-Jul 16 0.087624 5.0 
193 12-Jul 40 0.087873 5.0 
194 13-Jul 16 0.087585 5.0 
194 13-Jul 40 0.087968 5.0 
195 14-Jul 16 0.087612 5.0 
195 14-Jul 40 0.087903 5.0 
196 15-Jul 16 0.087430 5.0 
196 15-Jul 40 0.088050 5.0 
197 16-Jul 16 0.088007 5.0 
197 16-Jul 40 0.088282 5.0 
198 17-Jul 16 0.088010 5.0 
198 17-Jul 40 0.087998 5.0 
199 18-Jul 16 0.087814 5.0 
199 18-Jul 40 0.087726 5.0 
200 19-Jul 40 0.088065 5.0
201 20-Jul 16 0.088004 5.0 
202 21-Jul 16 0.087732 5.0 
203 22-Jul 16 0.087647 5.0 
203 22-Jul 40 0.087987 5.0 
204 23-Jul 16 0.087596 5.0 
204 23-Jul 40 0.087622 5.0 
205 24-Jul 16 0.087385 5.0 
205 24-Jul 40 0.088059 5.0 
206 25-Jul 16 0.087976 5.0 
206 25-Jul 40 0.087722 5.0 
207 26-Jul 16 0.088015 5.0 
207 26-Jul 40 0.088114 5.0 
208 27-Jul 16 0.087669 5.0 
208 27-Jul 40 0.087848 5.0 
209 28-Jul 16 0.088090 5.0 
209 28-Jul 40 0.088273 5.0 
210 29-Jul 16 0.087960 5.0 
210 29-Jul 40 0.088229 5.0 
211 30-Jul 16 0.087723 5.0 
211 30-Jul 40 0.088084 5.0 
212 31-Jul 16 0.087696 5.0 
212 31-Jul 40 0.087960 5.0 
213 01-Aug 16 0.087405 5.0 
213 01-Aug 40 0.088128 5.0 
214 02-Aug 16 0.087892 5.0 
214 02-Aug 40 0.088245 5.0 
215 03-Aug 16 0.087848 5.0 
215 03-Aug 40 0.088129 5.0 
216 04-Aug 16 0.087700 5.0 
216 04-Aug 40 0.088080 5.0 
217 05-Aug 16 0.087589 5.0 
217 05-Aug 40 0.088006 5.0 
218 06-Aug 16 0.087706 5.0 
218 06-Aug 40 0.088239 5.0 
219 07-Aug 16 0.087774 5.0 
220 08-Aug 16 0.087905 5.0 
220 08-Aug 40 0.088250 5.0 
221 09-Aug 16 0.087738 5.0 
221 09-Aug 40 0.087623 5.0 
222 10-Aug 16 0.087534 5.0 
222 10-Aug 40 0.087775 5.0 
223 11-Aug 16 0.087627 5.0 
223 11-Aug 40 0.087791 5.0 
224 12-Aug 16 0.087862 5.0 
224 12-Aug 40 0.087883 5.0 
225 13-Aug 16 0.087707 5.0 
226 14-Aug 16 0.087628 5.0 
226 14-Aug 40 0.088009 5.0 
227 15-Aug 40 0.088395 5.0 
228 16-Aug 16 0.088081 5.0 
228 16-Aug 40 0.088237 5.0
229 17-Aug 16 0.087929 5.0 
229 17-Aug 38 0.088240 5.0 
230 18-Aug 14 0.087942 5.0 
230 18-Aug 38 0.088209 5.0 
231 19-Aug 14 0.088005 5.0 
231 19-Aug 38 0.088233 5.0 
232 20-Aug 14 0.087482 5.0 
232 20-Aug 38 0.088238 5.0 
233 21-Aug 14 0.087893 5.0 
233 21-Aug 38 0.087926 5.0 
234 22-Aug 14 0.087388 5.0 
234 22-Aug 38 0.088035 5.0 
235 23-Aug 14 0.087470 5.0 
235 23-Aug 38 0.088383 5.0 
236 24-Aug 14 0.087727 5.0 
236 24-Aug 38 0.088108 5.0 
237 25-Aug 14 0.087485 5.0 
237 25-Aug 38 0.088079 5.0 
238 26-Aug 14 0.087287 5.0 
238 26-Aug 38 0.087848 5.0 
239 27-Aug 14 0.087568 5.0 
239 27-Aug 38 0.088121 5.0 
240 28-Aug 14 0.087129 5.0 
240 28-Aug 38 0.087931 5.0 
241 29-Aug 14 0.087437 5.0 
241 29-Aug 38 0.087946 5.0 
242 30-Aug 14 0.087554 5.0 
242 30-Aug 38 0.088096 5.0 
243 31-Aug 14 0.087475 5.0 
243 31-Aug 38 0.088072 5.0 
244 01-Sep 14 0.087499 5.0 
244 01-Sep 38 0.087912 5.0 
245 02-Sep 14 0.087534 5.0 
245 02-Sep 38 0.087770 5.0 
246 03-Sep 14 0.087485 5.0 
246 03-Sep 38 0.087996 5.0 
247 04-Sep 14 0.087480 5.0 
247 04-Sep 38 0.087457 5.0 
248 05-Sep 14 0.087229 5.0 
248 05-Sep 38 0.087535 5.0 
249 06-Sep 14 0.086998 5.0 
249 06-Sep 38 0.087500 5.0 
250 07-Sep 14 0.086901 5.0 
250 07-Sep 38 0.087311 5.0 
251 08-Sep 14 0.087310 5.0 
251 08-Sep 38 0.087613 5.0 
252 09-Sep 14 0.087013 5.0 
252 09-Sep 38 0.087056 5.0 
253 10-Sep 14 0.086793 5.0 
253 10-Sep 38 0.087218 5.0 
254 11-Sep 14 0.087110 5.0 
254 11-Sep 38 0.087183 5.0 
255 12-Sep 14 0.087002 5.0 
255 12-Sep 38 0.087007 5.0
274 01-Oct 14 0.088053 5.0 
274 01-Oct 38 0.088187 5.0 
275 02-Oct 14 0.088304 5.0 
275 02-Oct 38 0.088464 5.0 
276 03-Oct 14 0.088625 5.0 
276 03-Oct 38 0.088725 5.0 
277 04-Oct 14 0.088607 5.0 
277 04-Oct 38 0.088923 5.0 
278 05-Oct 14 0.088879 5.0 
278 05-Oct 38 0.088462 5.0 
279 06-Oct 14 0.088690 5.0 
279 06-Oct 38 0.088669 5.0 
280 07-Oct 14 0.089037 5.0 
280 07-Oct 38 0.088855 5.0 
281 08-Oct 14 0.088568 5.0 
281 08-Oct 38 0.088970 5.0 
282 09-Oct 14 0.088551 5.0 
282 09-Oct 38 0.088985 5.0 
283 10-Oct 14 0.088858 5.0 
283 10-Oct 38 0.088695 5.0 
284 11-Oct 14 0.088855 5.0 
284 11-Oct 38 0.088327 5.0 
285 12-Oct 14 0.088547 5.0 
285 12-Oct 38 0.088813 5.0 
286 13-Oct 14 0.088955 5.0 
286 13-Oct 38 0.089018 5.0 
287 14-Oct 14 0.088744 5.0 
287 14-Oct 38 0.089103 5.0 
288 15-Oct 14 0.089092 5.0 
288 15-Oct 38 0.088888 5.0 
289 16-Oct 14 0.088853 5.0 
289 16-Oct 38 0.089347 5.0 
290 17-Oct 14 0.089048 5.0 
290 17-Oct 38 0.089391 5.0 
291 18-Oct 14 0.088790 5.0 
291 18-Oct 38 0.089375 5.0 
292 19-Oct 14 0.088650 5.0 
292 19-Oct 38 0.089088 5.0 
293 20-Oct 14 0.088976 5.0 
293 20-Oct 38 0.089205 5.0 
294 21-Oct 38 0.089603 5.0 
295 22-Oct 14 0.089427 5.0 
295 22-Oct 38 0.089200 5.0 
296 23-Oct 14 0.088824 5.0 
296 23-Oct 38 0.089029 5.0 
297 24-Oct 14 0.089298 5.0 
297 24-Oct 38 0.089519 5.0 
298 25-Oct 14 0.089183 5.0 
298 25-Oct 38 0.089400 5.0 
299 26-Oct 14 0.089235 5.0 
299 26-Oct 38 0.089721 5.0 
300 27-Oct 14 0.089363 5.0 
300 27-Oct 38 0.089762 5.0 
301 28-Oct 14 0.089335 5.0 
301 28-Oct 38 0.089795 5.0 
302 29-Oct 14 0.089129 5.0 
302 29-Oct 38 0.089329 5.0 
303 30-Oct 14 0.089558 5.0 
303 30-Oct 18 0.074632 5.0 
303 30-Oct 38 0.074514 5.0 
304 31-Oct 14 0.074898 5.0 
304 31-Oct 38 0.074970 5.0
305 01-Nov 14 0.074710 5.0 
305 01-Nov 38 0.074799 5.0 
306 02-Nov 14 0.075023 5.0 
306 02-Nov 38 0.075096 5.0 
307 03-Nov 14 0.074744 5.0 
307 03-Nov 38 0.074800 5.0 
308 04-Nov 14 0.074505 5.0 
308 04-Nov 38 0.074655 5.0 
309 05-Nov 14 0.074830 5.0 
309 05-Nov 38 0.075034 5.0 
310 06-Nov 14 0.074936 5.0 
310 06-Nov 38 0.075330 5.0 
311 07-Nov 14 0.074760 5.0 
311 07-Nov 38 0.075065 5.0 
312 08-Nov 14 0.074772 5.0 
312 08-Nov 38 0.074151 5.0 
313 09-Nov 14 0.074533 5.0 
313 09-Nov 38 0.075060 5.0 
314 10-Nov 14 0.075127 5.0 
314 10-Nov 38 0.075165 5.0 
315 11-Nov 14 0.074980 5.0 
315 11-Nov 38 0.075450 5.0 
316 12-Nov 14 0.075110 5.0 
316 12-Nov 38 0.074948 5.0 
317 13-Nov 14 0.075012 5.0 
317 13-Nov 38 0.074928 5.0 
318 14-Nov 14 0.074733 5.0 
318 14-Nov 38 0.075002 5.0 
319 15-Nov 14 0.075126 5.0 
319 15-Nov 38 0.075345 5.0 
320 16-Nov 14 0.075709 5.0 
320 16-Nov 38 0.075452 5.0 
321 17-Nov 14 0.075362 5.0 
321 17-Nov 38 0.075208 5.0 
322 18-Nov 14 0.075350 5.0 
322 18-Nov 38 0.075349 5.0 
323 19-Nov 14 0.075385 5.0 
323 19-Nov 38 0.075469 5.0 
324 20-Nov 14 0.074657 5.0 
324 20-Nov 38 0.075068 5.0 
325 21-Nov 14 0.075084 5.0 
325 21-Nov 38 0.075658 5.0 
326 22-Nov 14 0.075396 5.0 
326 22-Nov 38 0.075614 5.0 
327 23-Nov 14 0.075374 5.0 
328 24-Nov 14 0.074936 5.0 
328 24-Nov 38 0.075210 5.0 
329 25-Nov 14 0.075380 5.0 
329 25-Nov 38 0.075673 5.0 
330 26-Nov 14 0.075545 5.0 
332 28-Nov 29 0.062500 5.0 
333 29-Nov 14 0.058049 5.0 
333 29-Nov 38 0.058153 5.0 
334 30-Nov 14 0.057908 5.0 
334 30-Nov 18 0.069490 5.0 
334 30-Nov 38 0.069976 5.0 
335 01-Dec 14 0.069500 5.0 
335 01-Dec 38 0.069602 5.0 
336 02-Dec 14 0.069395 5.0 
336 02-Dec 38 0.069920 5.0 
337 03-Dec 14 0.070212 5.0 
337 03-Dec 38 0.070057 5.0 
338 04-Dec 14 0.069916 5.0 
338 04-Dec 38 0.070186 5.0 
339 05-Dec 14 0.069947 5.0 
339 05-Dec 38 0.069984 5.0 
340 06-Dec 14 0.070061 5.0 
340 06-Dec 38 0.070011 5.0 
341 07-Dec 14 0.069791 5.0 
341 07-Dec 38 0.070147 5.0 
342 08-Dec 38 0.070360 5.0 
343 09-Dec 14 0.070352 5.0 
343 09-Dec 38 0.070881 5.0 
344 10-Dec 14 0.070390 5.0 
345 11-Dec 14 0.070315 5.0 
345 11-Dec 38 0.070715 5.0 
346 12-Dec 14 0.070253 5.0 
346 12-Dec 38 0.070529 5.0 
347 13-Dec 14 0.070235 5.0 
347 13-Dec 38 0.070353 5.0 
348 14-Dec 14 0.070208 5.0 
348 14-Dec 38 0.070800 5.0 
349 15-Dec 14 0.070670 5.0 
349 15-Dec 38 0.070731 5.0 
350 16-Dec 14 0.070435 5.0 
350 16-Dec 38 0.071127 5.0 
351 17-Dec 14 0.070762 5.0 
352 18-Dec 14 0.070727 5.0 
352 18-Dec 38 0.070820 5.0 
353 19-Dec 14 0.070441 5.0 
353 19-Dec 38 0.070477 5.0 
354 20-Dec 14 0.070447 5.0 
354 20-Dec 38 0.070725 5.0 
355 21-Dec 14 0.070721 5.0 
355 21-Dec 38 0.070862 5.0 
356 22-Dec 14 0.070527 5.0 
356 22-Dec 38 0.070237 5.0 
357 23-Dec 14 0.070682 5.0 
357 23-Dec 38 0.070036 5.0 
358 24-Dec 14 0.070535 5.0 
358 24-Dec 38 0.070830 5.0 
359 25-Dec 14 0.070485 5.0 
359 25-Dec 38 0.071019 5.0 
360 26-Dec 14 0.070723 5.0 
360 26-Dec 38 0.070604 5.0 
361 27-Dec 14 0.070740 5.0 
361 27-Dec 38 0.071076 5.0 
362 28-Dec 14 0.070944 5.0  
362 28-Dec 38 0.071297 5.0 
363 29-Dec 38 0.070750 5.0 
364 30-Dec 14 0.070533 5.0 
364 30-Dec 38 0.070753 5.0 
365 31-Dec 14 0.071567 5.0 
365 31-Dec 38 0.071867 5.0
