2 02-Jan 18 0.078217 5.0 
3 03-Jan 42 0.078558 5.0 
11 11-Jan 42 0.079031 5.0 
13 13-Jan 18 0.079251 5.0 
19 19-Jan 42 0.079560 5.0 
22 22-Jan 18 0.079285 5.0 
24 24-Jan 42 0.079486 5.0 
28 28-Jan 42 0.079693 5.0 
41 10-Feb 18 0.079449 5.0 
43 12-Feb 42 0.079687 5.0 
55 24-Feb 19 0.079411 5.0 
58 27-Feb 18 0.079198 5.0 
60 01-Mar 43 0.078933 5.0 
66 07-Mar 43 0.078688 5.0 
72 13-Mar 43 0.078432 5.0 
76 17-Mar 43 0.078186 5.0 
78 19-Mar 19 0.078462 5.0 
78 19-Mar 43 0.078027 5.0 
79 20-Mar 19 0.078454 5.0 
79 20-Mar 43 0.078001 5.0 
80 21-Mar 19 0.078460 5.0 
80 21-Mar 43 0.077962 5.0 
81 22-Mar 19 0.078534 5.0 
81 22-Mar 43 0.077908 5.0 
82 23-Mar 19 0.078646 5.0 
82 23-Mar 43 0.078058 5.0 
83 24-Mar 19 0.078758 5.0 
83 24-Mar 43 0.078139 5.0 
84 25-Mar 19 0.078762 5.0 
84 25-Mar 43 0.078143 5.0 
85 26-Mar 19 0.078745 5.0 
85 26-Mar 43 0.078173 5.0 
86 27-Mar 19 0.078802 5.0 
86 27-Mar 43 0.078279 5.0 
87 28-Mar 19 0.078830 5.0 
87 28-Mar 43 0.078391 5.0 
88 29-Mar 19 0.078781 5.0 
88 29-Mar 43 0.078276 5.0 
89 30-Mar 19 0.078691 5.0 
89 30-Mar 43 0.078302 5.0 
90 31-Mar 19 0.078732 5.0 
90 31-Mar 43 0.078326 5.0
91 01-Apr 19 0.078715 5.0 
91 01-Apr 43 0.078386 5.0 
92 02-Apr 19 0.078662 5.0 
92 02-Apr 43 0.078400 5.0 
93 03-Apr 19 0.078627 5.0 
97 07-Apr 40 0.079025 5.0 
102 12-Apr 40 0.079262 5.0 
107 17-Apr 40 0.078978 5.0 
109 19-Apr 40 0.079271 5.0 
111 21-Apr 40 0.079536 5.0 
113 23-Apr 16 0.079206 5.0 
114 24-Apr 16 0.078824 5.0 
118 28-Apr 40 0.079117 5.0 
122 02-May 16 0.078841 5.0 
127 07-May 16 0.078593 5.0 
128 08-May 16 0.078812 5.0 
137 17-May 40 0.078605 5.0 
152 01-Jun 40 0.078341 5.0 
162 11-Jun 16 0.078640 5.0 
162 11-Jun 40 0.078427 5.0 
167 16-Jun 16 0.078686 5.0 
168 17-Jun 16 0.078445 5.0 
176 25-Jun 40 0.078679 5.0 
178 27-Jun 16 0.078399 5.0
182 01-Jul 16 0.078609 5.0 
184 03-Jul 16 0.078869 5.0 
184 03-Jul 40 0.078626 5.0 
185 04-Jul 40 0.078895 5.0 
187 06-Jul 40 0.078509 5.0 
189 08-Jul 40 0.078263 5.0 
191 10-Jul 40 0.078483 5.0 
194 13-Jul 16 0.078743 5.0 
200 19-Jul 40 0.078429 5.0 
202 21-Jul 40 0.078737 5.0 
204 23-Jul 16 0.079080 5.0 
216 04-Aug 40 0.078867 5.0 
217 05-Aug 40 0.079074 5.0
218 06-Aug 40 0.078840 5.0 
220 08-Aug 16 0.079227 5.0 
220 08-Aug 40 0.078874 5.0 
221 09-Aug 16 0.079214 5.0 
221 09-Aug 40 0.078982 5.0 
229 17-Aug 16 0.079255 5.0 
232 20-Aug 16 0.079029 5.0 
241 29-Aug 38 0.079236 5.0 
242 30-Aug 14 0.078909 5.0 
242 30-Aug 38 0.079183 5.0 
243 31-Aug 14 0.078834 5.0 
243 31-Aug 38 0.079057 5.0 
244 01-Sep 14 0.078752 5.0 
244 01-Sep 42 0.078200 5.0 
245 02-Sep 19 0.078691 5.0 
245 02-Sep 42 0.078098 5.0 
246 03-Sep 18 0.078667 5.0 
246 03-Sep 42 0.078166 5.0 
247 04-Sep 18 0.078682 5.0 
247 04-Sep 42 0.078194 5.0 
248 05-Sep 18 0.078673 5.0 
248 05-Sep 42 0.078147 5.0 
249 06-Sep 18 0.078680 5.0 
249 06-Sep 42 0.078160 5.0 
250 07-Sep 18 0.078726 5.0 
250 07-Sep 42 0.078181 5.0 
251 08-Sep 18 0.078680 5.0 
251 08-Sep 42 0.078228 5.0 
252 09-Sep 18 0.078555 5.0 
252 09-Sep 42 0.078180 5.0 
253 10-Sep 18 0.078454 5.0 
253 10-Sep 42 0.078096 5.0 
257 14-Sep 42 0.077871 5.0
263 20-Sep 19 0.078173 5.0 
267 24-Sep 18 0.078448 5.0 
267 24-Sep 42 0.078185 5.0
268 25-Sep 18 0.078505 5.0 
268 25-Sep 42 0.078215 5.0 
269 26-Sep 18 0.078488 5.0
274 01-Oct 19 0.078746 5.0 
274 01-Oct 42 0.078539 5.0 
275 02-Oct 18 0.078842 5.0 
275 02-Oct 42 0.078629 5.0 
276 03-Oct 18 0.078937 5.0 
281 08-Oct 17 0.079149 5.0 
283 10-Oct 17 0.079414 5.0 
284 11-Oct 41 0.079622 5.0 
285 12-Oct 17 0.079849 5.0 
288 15-Oct 16 0.079590 5.0
290 17-Oct 40 0.079794 5.0 
294 21-Oct 16 0.080075 5.0 
300 27-Oct 16 0.079768 5.0 
300 27-Oct 40 0.080072 5.0 
301 28-Oct 16 0.079840 5.0 
301 28-Oct 40 0.080109 5.0 
302 29-Oct 16 0.079846 5.0 
302 29-Oct 40 0.080269 5.0 
305 01-Nov 40 0.080583 5.0 
306 02-Nov 16 0.080353 5.0 
307 03-Nov 40 0.080880 5.0 
308 04-Nov 16 0.080614 5.0 
308 04-Nov 40 0.080893 5.0 
309 05-Nov 16 0.080436 5.0 
309 05-Nov 40 0.080778 5.0 
310 06-Nov 40 0.081041 5.0 
312 08-Nov 16 0.080806 5.0 
312 08-Nov 40 0.081098 5.0 
313 09-Nov 16 0.080744 5.0 
314 10-Nov 40 0.081175 5.0 
316 12-Nov 40 0.081527 5.0 
317 13-Nov 16 0.081208 5.0 
317 13-Nov 40 0.081631 5.0 
318 14-Nov 16 0.081209 5.0 
318 14-Nov 40 0.081582 5.0 
319 15-Nov 16 0.081301 5.0 
319 15-Nov 40 0.081693 5.0 
320 16-Nov 16 0.081403 5.0 
323 19-Nov 40 0.081700 5.0 
324 20-Nov 16 0.081451 5.0 
329 25-Nov 16 0.081664 5.0 
329 25-Nov 40 0.081971 5.0 
331 27-Nov 16 0.082209 5.0 
332 28-Nov 40 0.082462 5.0 
336 02-Dec 16 0.082242 5.0 
343 09-Dec 40 0.082467 5.0 
344 10-Dec 40 0.082679 5.0 
345 11-Dec 16 0.082415 5.0 
345 11-Dec 40 0.082892 5.0 
346 12-Dec 16 0.082480 5.0 
346 12-Dec 40 0.082901 5.0 
347 13-Dec 16 0.082674 5.0 
347 13-Dec 40 0.083036 5.0 
348 14-Dec 16 0.082702 5.0 
348 14-Dec 40 0.083058 5.0 
349 15-Dec 16 0.082645 5.0 
349 15-Dec 40 0.083167 5.0 
356 22-Dec 16 0.082910 5.0 
356 22-Dec 40 0.083180 5.0 
357 23-Dec 16 0.082936 5.0 
357 23-Dec 40 0.083156 5.0 
358 24-Dec 16 0.082934 5.0 
358 24-Dec 40 0.083256 5.0 
360 26-Dec 40 0.083583 5.0 
364 30-Dec 40 0.083862 5.0
365 31-Dec 40 0.084065 5.0
