1 01-Jan 14 0.071135 5.0 
1 01-Jan 38 0.072240 5.0 
2 02-Jan 14 0.071066 5.0 
2 02-Jan 38 0.070987 5.0 
3 03-Jan 14 0.071071 5.0 
3 03-Jan 38 0.071090 5.0 
4 04-Jan 14 0.070895 5.0 
4 04-Jan 38 0.070978 5.0 
5 05-Jan 14 0.071063 5.0 
5 05-Jan 38 0.071149 5.0 
6 06-Jan 14 0.070856 5.0 
6 06-Jan 38 0.071103 5.0 
7 07-Jan 14 0.070772 5.0 
7 07-Jan 38 0.071304 5.0 
8 08-Jan 14 0.070990 5.0 
8 08-Jan 38 0.071283 5.0 
9 09-Jan 14 0.071190 5.0 
9 09-Jan 38 0.071297 5.0 
10 10-Jan 14 0.071509 5.0 
10 10-Jan 38 0.071405 5.0 
11 11-Jan 14 0.071083 5.0 
11 11-Jan 38 0.071650 5.0 
12 12-Jan 14 0.071108 5.0 
12 12-Jan 38 0.071384 5.0 
13 13-Jan 14 0.071326 5.0 
14 14-Jan 14 0.070913 5.0 
14 14-Jan 38 0.071251 5.0 
15 15-Jan 14 0.071105 5.0 
15 15-Jan 38 0.071329 5.0 
16 16-Jan 14 0.071199 5.0 
16 16-Jan 38 0.071408 5.0 
17 17-Jan 14 0.071298 5.0 
17 17-Jan 38 0.071718 5.0 
18 18-Jan 14 0.071960 5.0 
21 21-Jan 38 0.071733 5.0 
22 22-Jan 14 0.071419 5.0 
22 22-Jan 38 0.071604 5.0 
23 23-Jan 14 0.071213 5.0 
23 23-Jan 38 0.071442 5.0 
24 24-Jan 14 0.071285 5.0 
24 24-Jan 38 0.071335 5.0 
25 25-Jan 14 0.071329 5.0 
25 25-Jan 38 0.071467 5.0 
26 26-Jan 14 0.071498 5.0 
26 26-Jan 38 0.071645 5.0 
27 27-Jan 14 0.071340 5.0 
27 27-Jan 38 0.071630 5.0 
28 28-Jan 14 0.071565 5.0 
28 28-Jan 38 0.071900 5.0 
29 29-Jan 14 0.071526 5.0 
29 29-Jan 38 0.071521 5.0
30 30-Jan 14 0.071231 5.0 
30 30-Jan 38 0.071310 5.0 
31 31-Jan 14 0.071162 5.0 
31 31-Jan 38 0.071325 5.0 
32 01-Feb 14 0.071322 5.0 
32 01-Feb 38 0.071535 5.0 
33 02-Feb 14 0.071513 5.0 
33 02-Feb 38 0.071809 5.0 
34 03-Feb 14 0.071459 5.0 
34 03-Feb 38 0.071770 5.0 
35 04-Feb 14 0.071633 5.0 
35 04-Feb 38 0.071851 5.0 
36 05-Feb 14 0.071244 5.0 
36 05-Feb 38 0.071634 5.0 
37 06-Feb 14 0.071445 5.0 
37 06-Feb 38 0.071874 5.0 
38 07-Feb 14 0.071295 5.0 
38 07-Feb 38 0.071393 5.0 
39 08-Feb 14 0.071100 5.0 
39 08-Feb 38 0.071435 5.0 
40 09-Feb 14 0.071494 5.0 
40 09-Feb 38 0.072028 5.0 
41 10-Feb 14 0.071447 5.0 
41 10-Feb 38 0.070789 5.0 
42 11-Feb 14 0.070999 5.0 
42 11-Feb 38 0.071738 5.0 
43 12-Feb 14 0.071363 5.0 
43 12-Feb 38 0.071425 5.0 
44 13-Feb 14 0.071250 5.0 
44 13-Feb 38 0.071061 5.0 
45 14-Feb 14 0.071125 5.0 
45 14-Feb 38 0.071357 5.0 
46 15-Feb 14 0.071003 5.0 
46 15-Feb 38 0.071416 5.0 
47 16-Feb 14 0.071031 5.0 
47 16-Feb 38 0.071363 5.0 
48 17-Feb 14 0.070556 5.0 
48 17-Feb 38 0.071440 5.0 
49 18-Feb 14 0.070876 5.0 
49 18-Feb 38 0.071611 5.0 
50 19-Feb 14 0.070880 5.0 
50 19-Feb 38 0.071270 5.0 
51 20-Feb 14 0.070872 5.0 
51 20-Feb 38 0.071378 5.0 
52 21-Feb 14 0.070625 5.0 
52 21-Feb 38 0.070981 5.0 
53 22-Feb 14 0.070448 5.0 
53 22-Feb 38 0.071196 5.0 
54 23-Feb 14 0.070584 5.0 
54 23-Feb 38 0.071142 5.0 
55 24-Feb 14 0.070770 5.0 
55 24-Feb 38 0.071182 5.0 
56 25-Feb 14 0.070398 5.0 
56 25-Feb 38 0.070879 5.0 
57 26-Feb 14 0.070408 5.0 
57 26-Feb 38 0.071045 5.0 
58 27-Feb 14 0.069883 5.0 
58 27-Feb 38 0.070677 5.0 
59 28-Feb 14 0.069860 5.0 
59 28-Feb 38 0.070515 5.0 
60 01-Mar 14 0.070055 5.0 
60 01-Mar 38 0.070573 5.0 
61 02-Mar 14 0.070208 5.0 
61 02-Mar 38 0.070199 5.0 
62 03-Mar 14 0.069943 5.0 
62 03-Mar 38 0.070911 5.0 
63 04-Mar 14 0.070081 5.0 
63 04-Mar 38 0.070415 5.0 
64 05-Mar 14 0.070147 5.0 
64 05-Mar 38 0.070772 5.0 
65 06-Mar 14 0.069859 5.0 
65 06-Mar 38 0.069981 5.0 
66 07-Mar 14 0.069481 5.0 
66 07-Mar 38 0.070525 5.0 
67 08-Mar 14 0.070006 5.0 
67 08-Mar 38 0.070774 5.0 
68 09-Mar 14 0.069835 5.0 
68 09-Mar 38 0.070428 5.0 
69 10-Mar 14 0.069655 5.0 
69 10-Mar 38 0.069754 5.0 
70 11-Mar 14 0.069367 5.0 
70 11-Mar 38 0.070658 5.0 
71 12-Mar 14 0.069577 5.0 
72 13-Mar 16 0.070023 5.0 
72 13-Mar 38 0.070541 5.0 
73 14-Mar 14 0.069836 5.0 
73 14-Mar 38 0.070573 5.0 
74 15-Mar 14 0.069964 5.0 
74 15-Mar 38 0.070678 5.0 
75 16-Mar 14 0.070055 5.0 
75 16-Mar 38 0.070640 5.0 
76 17-Mar 14 0.070154 5.0 
76 17-Mar 38 0.070514 5.0 
77 18-Mar 14 0.070081 5.0 
77 18-Mar 38 0.070497 5.0 
78 19-Mar 14 0.069886 5.0 
78 19-Mar 38 0.070313 5.0 
79 20-Mar 14 0.070080 5.0 
79 20-Mar 38 0.069956 5.0 
80 21-Mar 14 0.069851 5.0 
80 21-Mar 38 0.070505 5.0 
81 22-Mar 14 0.070362 5.0 
81 22-Mar 38 0.070579 5.0 
82 23-Mar 14 0.070514 5.0 
82 23-Mar 38 0.070490 5.0 
83 24-Mar 14 0.070283 5.0 
83 24-Mar 38 0.069945 5.0 
84 25-Mar 14 0.070059 5.0 
85 26-Mar 14 0.070020 5.0 
85 26-Mar 38 0.070612 5.0 
86 27-Mar 14 0.070428 5.0 
86 27-Mar 38 0.070434 5.0 
87 28-Mar 14 0.070301 5.0 
87 28-Mar 38 0.070508 5.0 
88 29-Mar 14 0.070562 5.0 
88 29-Mar 38 0.070357 5.0 
89 30-Mar 14 0.070410 5.0 
89 30-Mar 38 0.071056 5.0 
90 31-Mar 14 0.070622 5.0 
90 31-Mar 38 0.071034 5.0
91 01-Apr 14 0.070819 5.0 
91 01-Apr 38 0.071123 5.0 
92 02-Apr 14 0.070798 5.0 
92 02-Apr 38 0.071076 5.0 
93 03-Apr 14 0.070850 5.0 
93 03-Apr 38 0.071122 5.0 
94 04-Apr 14 0.070731 5.0 
94 04-Apr 38 0.071227 5.0 
95 05-Apr 14 0.070635 5.0 
95 05-Apr 38 0.070887 5.0 
96 06-Apr 14 0.070661 5.0 
96 06-Apr 38 0.070760 5.0 
97 07-Apr 14 0.070857 5.0 
97 07-Apr 38 0.071007 5.0 
98 08-Apr 14 0.071135 5.0 
98 08-Apr 38 0.071055 5.0 
99 09-Apr 14 0.070949 5.0 
100 10-Apr 14 0.070695 5.0 
100 10-Apr 38 0.070853 5.0 
101 11-Apr 14 0.070495 5.0 
101 11-Apr 38 0.070891 5.0 
102 12-Apr 14 0.070672 5.0 
102 12-Apr 38 0.071002 5.0 
103 13-Apr 14 0.069936 5.0 
103 13-Apr 38 0.070721 5.0 
104 14-Apr 14 0.070762 5.0 
104 14-Apr 38 0.071344 5.0 
105 15-Apr 14 0.070992 5.0 
105 15-Apr 38 0.071005 5.0
106 16-Apr 14 0.070530 5.0 
106 16-Apr 38 0.071082 5.0 
107 17-Apr 14 0.070762 5.0 
107 17-Apr 38 0.071239 5.0
108 18-Apr 14 0.070883 5.0 
108 18-Apr 38 0.071273 5.0 
109 19-Apr 14 0.070595 5.0 
109 19-Apr 38 0.070986 5.0 
110 20-Apr 14 0.070740 5.0 
110 20-Apr 38 0.071218 5.0 
111 21-Apr 14 0.070807 5.0 
111 21-Apr 38 0.071454 5.0 
112 22-Apr 14 0.070490 5.0 
112 22-Apr 38 0.070895 5.0 
113 23-Apr 14 0.070588 5.0 
113 23-Apr 38 0.070828 5.0 
114 24-Apr 14 0.070424 5.0 
114 24-Apr 38 0.070939 5.0 
115 25-Apr 14 0.070616 5.0 
115 25-Apr 38 0.071033 5.0 
116 26-Apr 14 0.070922 5.0 
117 27-Apr 14 0.070781 5.0 
117 27-Apr 38 0.071047 5.0 
118 28-Apr 14 0.070050 5.0 
118 28-Apr 38 0.070538 5.0 
119 29-Apr 14 0.070387 5.0 
119 29-Apr 38 0.070821 5.0 
120 30-Apr 14 0.070341 5.0 
120 30-Apr 38 0.070556 5.0 
121 01-May 14 0.070649 5.0 
121 01-May 38 0.071239 5.0 
122 02-May 14 0.070745 5.0 
122 02-May 38 0.071145 5.0 
123 03-May 14 0.070584 5.0 
123 03-May 38 0.070723 5.0 
124 04-May 14 0.070615 5.0 
124 04-May 38 0.071067 5.0 
125 05-May 14 0.070658 5.0 
125 05-May 38 0.070992 5.0 
126 06-May 14 0.070740 5.0 
126 06-May 38 0.070661 5.0 
127 07-May 14 0.070491 5.0 
127 07-May 38 0.070667 5.0 
128 08-May 14 0.070355 5.0 
128 08-May 38 0.070709 5.0 
129 09-May 14 0.070479 5.0 
129 09-May 38 0.071103 5.0 
130 10-May 14 0.070587 5.0 
130 10-May 38 0.071230 5.0 
131 11-May 14 0.070698 5.0 
131 11-May 38 0.070952 5.0 
132 12-May 14 0.070582 5.0 
132 12-May 38 0.070940 5.0 
133 13-May 14 0.070859 5.0 
133 13-May 38 0.071151 5.0 
134 14-May 14 0.070387 5.0 
134 14-May 38 0.070926 5.0 
135 15-May 14 0.070465 5.0 
135 15-May 38 0.070751 5.0 
136 16-May 14 0.070225 5.0 
136 16-May 38 0.070570 5.0 
137 17-May 14 0.070309 5.0 
137 17-May 38 0.070679 5.0 
138 18-May 14 0.070525 5.0 
138 18-May 38 0.070480 5.0 
139 19-May 38 0.070811 5.0 
140 20-May 14 0.070499 5.0 
140 20-May 38 0.070880 5.0 
141 21-May 14 0.070330 5.0 
141 21-May 38 0.070949 5.0 
142 22-May 14 0.070412 5.0 
142 22-May 38 0.071039 5.0 
143 23-May 14 0.070095 5.0 
143 23-May 38 0.070759 5.0 
144 24-May 14 0.070444 5.0 
144 24-May 38 0.070855 5.0 
145 25-May 14 0.070401 5.0 
145 25-May 38 0.070574 5.0 
146 26-May 14 0.070305 5.0 
146 26-May 38 0.070550 5.0 
147 27-May 14 0.070310 5.0 
147 27-May 38 0.070552 5.0 
148 28-May 14 0.070396 5.0 
148 28-May 38 0.070567 5.0 
149 29-May 14 0.070589 5.0 
149 29-May 38 0.070380 5.0 
150 30-May 14 0.070116 5.0 
150 30-May 38 0.070695 5.0 
151 31-May 14 0.070310 5.0 
152 01-Jun 14 0.070539 5.0 
152 01-Jun 38 0.070619 5.0 
153 02-Jun 14 0.070415 5.0 
153 02-Jun 38 0.070627 5.0 
154 03-Jun 14 0.070118 5.0 
155 04-Jun 14 0.069951 5.0 
155 04-Jun 38 0.070298 5.0 
156 05-Jun 14 0.070104 5.0 
156 05-Jun 38 0.070457 5.0 
157 06-Jun 14 0.070148 5.0 
157 06-Jun 38 0.070482 5.0 
158 07-Jun 14 0.069952 5.0 
158 07-Jun 38 0.070188 5.0 
159 08-Jun 14 0.069910 5.0 
159 08-Jun 38 0.070379 5.0 
160 09-Jun 14 0.070152 5.0
160 09-Jun 38 0.070470 5.0
161 10-Jun 14 0.070627 5.0 
161 10-Jun 38 0.070322 5.0 
162 11-Jun 14 0.070518 5.0 
162 11-Jun 38 0.070342 5.0 
163 12-Jun 14 0.070400 5.0 
163 12-Jun 38 0.070747 5.0 
164 13-Jun 14 0.070393 5.0 
164 13-Jun 38 0.070306 5.0 
165 14-Jun 14 0.070109 5.0 
165 14-Jun 38 0.070315 5.0 
166 15-Jun 14 0.069911 5.0 
166 15-Jun 38 0.070633 5.0 
167 16-Jun 14 0.070504 5.0 
167 16-Jun 38 0.070506 5.0 
168 17-Jun 14 0.070283 5.0 
168 17-Jun 38 0.070388 5.0 
169 18-Jun 14 0.070524 5.0 
169 18-Jun 38 0.070666 5.0 
170 19-Jun 14 0.070593 5.0 
170 19-Jun 38 0.070766 5.0 
171 20-Jun 14 0.070455 5.0 
171 20-Jun 38 0.070477 5.0 
172 21-Jun 14 0.070433 5.0 
172 21-Jun 38 0.070589 5.0 
173 22-Jun 14 0.070414 5.0 
173 22-Jun 38 0.070556 5.0 
174 23-Jun 14 0.070347 5.0 
174 23-Jun 38 0.070481 5.0 
175 24-Jun 14 0.070253 5.0 
175 24-Jun 28 0.070407 5.0 
176 25-Jun 4 0.070693 5.0 
177 26-Jun 4 0.070351 5.0 
177 26-Jun 28 0.069966 5.0 
178 27-Jun 4 0.070395 5.0 
179 28-Jun 4 0.070685 5.0 
179 28-Jun 28 0.070482 5.0 
180 29-Jun 4 0.070634 5.0 
180 29-Jun 28 0.070394 5.0 
181 30-Jun 4 0.070564 5.0 
181 30-Jun 28 0.070351 5.0
182 01-Jul 4 0.070543 5.0 
182 01-Jul 28 0.070385 5.0 
183 02-Jul 4 0.070627 5.0 
184 03-Jul 4 0.070328 5.0 
184 03-Jul 28 0.070446 5.0 
185 04-Jul 4 0.070533 5.0 
185 04-Jul 28 0.070572 5.0 
186 05-Jul 4 0.070852 5.0 
186 05-Jul 28 0.070561 5.0
187 06-Jul 4 0.070784 5.0 
187 06-Jul 28 0.070528 5.0
188 07-Jul 4 0.070812 5.0 
188 07-Jul 28 0.070640 5.0 
189 08-Jul 4 0.070586 5.0 
189 08-Jul 28 0.070631 5.0 
190 09-Jul 4 0.070515 5.0 
191 10-Jul 4 0.070467 5.0 
191 10-Jul 28 0.070544 5.0 
192 11-Jul 4 0.070436 5.0 
192 11-Jul 28 0.070548 5.0 
193 12-Jul 4 0.070341 5.0 
194 13-Jul 4 0.070610 5.0 
194 13-Jul 28 0.070632 5.0 
195 14-Jul 4 0.070782 5.0 
195 14-Jul 28 0.070335 5.0 
196 15-Jul 4 0.070325 5.0 
196 15-Jul 28 0.070484 5.0 
197 16-Jul 4 0.070677 5.0 
197 16-Jul 28 0.070552 5.0 
198 17-Jul 4 0.070697 5.0 
198 17-Jul 28 0.070361 5.0 
199 18-Jul 4 0.070504 5.0 
199 18-Jul 28 0.070516 5.0 
200 19-Jul 4 0.070202 5.0 
200 19-Jul 28 0.070547 5.0 
201 20-Jul 4 0.070666 5.0 
201 20-Jul 28 0.070742 5.0 
202 21-Jul 4 0.070313 5.0 
202 21-Jul 28 0.070214 5.0 
203 22-Jul 4 0.070440 5.0 
203 22-Jul 28 0.070486 5.0 
204 23-Jul 4 0.070814 5.0 
204 23-Jul 28 0.070681 5.0 
205 24-Jul 4 0.070770 5.0 
205 24-Jul 28 0.070557 5.0 
206 25-Jul 4 0.070791 5.0 
206 25-Jul 28 0.070521 5.0 
207 26-Jul 4 0.070760 5.0 
207 26-Jul 28 0.070358 5.0 
208 27-Jul 4 0.070740 5.0 
209 28-Jul 4 0.070458 5.0 
210 29-Jul 4 0.070836 5.0 
211 30-Jul 4 0.070227 5.0 
211 30-Jul 28 0.070659 5.0 
212 31-Jul 4 0.071038 5.0 
212 31-Jul 28 0.070824 5.0 
213 01-Aug 4 0.070565 5.0 
213 01-Aug 28 0.070663 5.0
214 02-Aug 4 0.070588 5.0 
214 02-Aug 28 0.070424 5.0
215 03-Aug 4 0.070610 5.0 
215 03-Aug 28 0.070521 5.0 
216 04-Aug 4 0.070518 5.0 
216 04-Aug 28 0.070704 5.0 
218 06-Aug 4 0.070893 5.0 
220 08-Aug 4 0.070920 5.0 
220 08-Aug 28 0.070667 5.0 
221 09-Aug 4 0.071056 5.0 
221 09-Aug 28 0.070718 5.0 
222 10-Aug 4 0.071009 5.0 
223 11-Aug 4 0.071201 5.0 
223 11-Aug 28 0.070905 5.0 
224 12-Aug 28 0.070621 5.0 
225 13-Aug 4 0.070339 5.0 
225 13-Aug 28 0.070651 5.0 
226 14-Aug 4 0.070960 5.0 
226 14-Aug 28 0.070628 5.0 
227 15-Aug 4 0.070923 5.0 
227 15-Aug 28 0.070794 5.0 
228 16-Aug 4 0.071120 5.0 
228 16-Aug 28 0.070735 5.0 
229 17-Aug 28 0.070614 5.0 
232 20-Aug 4 0.071257 5.0 
232 20-Aug 28 0.070968 5.0 
233 21-Aug 28 0.070570 5.0 
234 22-Aug 4 0.070778 5.0 
234 22-Aug 28 0.070520 5.0 
236 24-Aug 4 0.070699 5.0 
236 24-Aug 28 0.070682 5.0 
237 25-Aug 4 0.070839 5.0 
238 26-Aug 4 0.070643 5.0 
239 27-Aug 4 0.070887 5.0 
239 27-Aug 28 0.070492 5.0 
241 29-Aug 4 0.070841 5.0 
241 29-Aug 28 0.070517 5.0 
242 30-Aug 4 0.070581 5.0 
242 30-Aug 28 0.070193 5.0 
243 31-Aug 4 0.070312 5.0 
244 01-Sep 4 0.070518 5.0 
244 01-Sep 28 0.070288 5.0 
245 02-Sep 4 0.070636 5.0 
245 02-Sep 28 0.070137 5.0 
246 03-Sep 4 0.070613 5.0 
246 03-Sep 28 0.070102 5.0 
247 04-Sep 4 0.070517 5.0 
247 04-Sep 28 0.070302 5.0 
248 05-Sep 4 0.070392 5.0 
248 05-Sep 28 0.070315 5.0 
249 06-Sep 4 0.070510 5.0 
249 06-Sep 28 0.070000 5.0 
250 07-Sep 4 0.070371 5.0 
250 07-Sep 28 0.070052 5.0 
251 08-Sep 4 0.070384 5.0 
251 08-Sep 28 0.070026 5.0 
252 09-Sep 4 0.069993 5.0
252 09-Sep 28 0.069836 5.0 
253 10-Sep 4 0.070112 5.0 
254 11-Sep 4 0.070219 5.0 
254 11-Sep 28 0.070168 5.0 
255 12-Sep 4 0.070273 5.0 
255 12-Sep 28 0.070150 5.0 
256 13-Sep 4 0.070372 5.0 
256 13-Sep 28 0.070174 5.0 
257 14-Sep 4 0.070465 5.0 
257 14-Sep 28 0.070345 5.0 
258 15-Sep 4 0.070216 5.0 
258 15-Sep 28 0.070194 5.0 
259 16-Sep 4 0.070581 5.0 
259 16-Sep 28 0.070084 5.0 
260 17-Sep 4 0.070361 5.0 
260 17-Sep 28 0.070356 5.0 
261 18-Sep 4 0.070877 5.0 
261 18-Sep 28 0.070490 5.0 
262 19-Sep 4 0.071039 5.0 
262 19-Sep 28 0.070543 5.0 
263 20-Sep 4 0.071011 5.0 
263 20-Sep 28 0.070715 5.0 
264 21-Sep 4 0.070956 5.0 
264 21-Sep 28 0.070500 5.0 
265 22-Sep 4 0.070660 5.0 
265 22-Sep 28 0.071195 5.0 
266 23-Sep 4 0.070560 5.0 
266 23-Sep 28 0.070626 5.0 
267 24-Sep 4 0.070681 5.0 
267 24-Sep 28 0.070644 5.0 
268 25-Sep 4 0.071030 5.0 
268 25-Sep 28 0.070689 5.0 
269 26-Sep 4 0.070648 5.0 
269 26-Sep 28 0.070608 5.0 
270 27-Sep 4 0.070681 5.0 
270 27-Sep 28 0.070530 5.0 
271 28-Sep 4 0.070143 5.0 
271 28-Sep 28 0.070865 5.0 
272 29-Sep 4 0.071224 5.0 
272 29-Sep 28 0.070974 5.0 
273 30-Sep 28 0.071068 5.0 
274 01-Oct 4 0.070811 5.0 
274 01-Oct 28 0.071033 5.0 
275 02-Oct 4 0.071190 5.0 
275 02-Oct 28 0.070883 5.0 
276 03-Oct 4 0.071010 5.0 
276 03-Oct 28 0.071360 5.0 
277 04-Oct 4 0.071154 5.0 
277 04-Oct 28 0.071160 5.0 
278 05-Oct 4 0.070805 5.0 
278 05-Oct 28 0.071184 5.0 
279 06-Oct 4 0.071175 5.0 
279 06-Oct 28 0.071320 5.0 
280 07-Oct 28 0.070766 5.0 
281 08-Oct 4 0.071093 5.0 
281 08-Oct 28 0.071636 5.0 
282 09-Oct 28 0.071588 5.0 
283 10-Oct 4 0.071447 5.0 
283 10-Oct 28 0.071708 5.0 
284 11-Oct 4 0.071225 5.0 
284 11-Oct 28 0.071357 5.0 
285 12-Oct 4 0.071210 5.0 
285 12-Oct 28 0.071459 5.0 
286 13-Oct 4 0.071417 5.0 
286 13-Oct 28 0.071279 5.0 
287 14-Oct 4 0.071532 5.0 
287 14-Oct 28 0.071314 5.0 
288 15-Oct 4 0.071434 5.0 
288 15-Oct 28 0.071533 5.0 
289 16-Oct 4 0.071502 5.0 
289 16-Oct 28 0.072123 5.0 
290 17-Oct 4 0.071908 5.0 
290 17-Oct 28 0.072009 5.0 
291 18-Oct 4 0.071560 5.0 
291 18-Oct 28 0.071836 5.0 
293 20-Oct 4 0.071747 5.0 
293 20-Oct 28 0.071922 5.0 
294 21-Oct 4 0.072054 5.0 
294 21-Oct 28 0.072152 5.0 
295 22-Oct 4 0.071959 5.0 
295 22-Oct 28 0.072362 5.0 
296 23-Oct 4 0.072268 5.0 
296 23-Oct 28 0.071805 5.0 
297 24-Oct 28 0.072302 5.0 
298 25-Oct 4 0.071880 5.0 
298 25-Oct 28 0.072259 5.0 
299 26-Oct 4 0.072008 5.0 
299 26-Oct 28 0.072309 5.0 
300 27-Oct 4 0.072103 5.0 
300 27-Oct 28 0.072467 5.0 
301 28-Oct 4 0.072170 5.0 
301 28-Oct 28 0.072355 5.0 
301 28-Oct 29 0.073770 5.0 
301 28-Oct 30 0.072355 5.0 
302 29-Oct 28 0.072174 5.0 
303 30-Oct 4 0.071704 5.0 
303 30-Oct 28 0.072045 5.0 
304 31-Oct 4 0.071377 5.0 
304 31-Oct 28 0.072020 5.0 
305 01-Nov 4 0.072317 5.0 
305 01-Nov 28 0.072548 5.0 
306 02-Nov 4 0.072393 5.0 
307 03-Nov 4 0.071625 5.0 
307 03-Nov 28 0.072531 5.0 
308 04-Nov 28 0.072410 5.0 
309 05-Nov 4 0.071945 5.0 
309 05-Nov 28 0.072189 5.0 
310 06-Nov 4 0.071880 5.0 
310 06-Nov 28 0.071968 5.0 
311 07-Nov 4 0.071900 5.0 
311 07-Nov 28 0.072183 5.0 
312 08-Nov 28 0.072578 5.0 
313 09-Nov 28 0.072797 5.0 
314 10-Nov 4 0.073102 5.0 
315 11-Nov 4 0.072369 5.0 
315 11-Nov 28 0.073013 5.0 
316 12-Nov 4 0.072912 5.0 
316 12-Nov 28 0.072980 5.0 
317 13-Nov 4 0.073361 5.0 
318 14-Nov 4 0.072761 5.0 
318 14-Nov 28 0.073011 5.0 
320 16-Nov 4 0.072630 5.0 
320 16-Nov 28 0.073064 5.0 
322 18-Nov 4 0.073440 5.0 
322 18-Nov 28 0.073420 5.0 
323 19-Nov 4 0.073187 5.0 
325 21-Nov 4 0.073414 5.0 
325 21-Nov 28 0.073190 5.0 
326 22-Nov 4 0.072910 5.0 
329 25-Nov 28 0.073262 5.0 
330 26-Nov 4 0.072958 5.0 
330 26-Nov 28 0.073205 5.0 
331 27-Nov 28 0.073428 5.0 
332 28-Nov 28 0.073131 5.0 
334 30-Nov 4 0.073153 5.0 
334 30-Nov 28 0.073331 5.0 
336 02-Dec 4 0.073383 5.0 
338 04-Dec 4 0.073747 5.0 
339 05-Dec 4 0.073185 5.0 
339 05-Dec 28 0.073746 5.0 
341 07-Dec 4 0.073686 5.0 
342 08-Dec 4 0.073399 5.0 
342 08-Dec 28 0.073653 5.0
344 10-Dec 4 0.073309 5.0 
345 11-Dec 4 0.073059 5.0 
345 11-Dec 28 0.073591 5.0 
346 12-Dec 4 0.073415 5.0 
346 12-Dec 28 0.073902 5.0 
347 13-Dec 28 0.073623 5.0 
348 14-Dec 4 0.073166 5.0 
348 14-Dec 28 0.073707 5.0 
350 16-Dec 4 0.073650 5.0 
351 17-Dec 4 0.073420 5.0 
351 17-Dec 28 0.073679 5.0 
354 20-Dec 4 0.073855 5.0 
354 20-Dec 28 0.074172 5.0 
355 21-Dec 4 0.074053 5.0 
357 23-Dec 4 0.073711 5.0 
357 23-Dec 28 0.073393 5.0 
358 24-Dec 4 0.073689 5.0 
358 24-Dec 28 0.073634 5.0 
359 25-Dec 4 0.074040 5.0 
359 25-Dec 28 0.073971 5.0 
360 26-Dec 4 0.074137 5.0 
360 26-Dec 28 0.074187 5.0 
361 27-Dec 4 0.073973 5.0 
362 28-Dec 28 0.074322 5.0 
363 29-Dec 4 0.073753 5.0 
364 30-Dec 4 0.074176 5.0 
364 30-Dec 28 0.074229 5.0 
365 31-Dec 4 0.074567 5.0 
365 31-Dec 28 0.074604 5.0
