1 01-Jan 28 0.074426 5.0 
2 02-Jan 28 0.074508 5.0 
3 03-Jan 4 0.074626 5.0 
3 03-Jan 28 0.073929 5.0 
4 04-Jan 4 0.074155 5.0 
4 04-Jan 28 0.074247 5.0 
5 05-Jan 28 0.073958 5.0 
6 06-Jan 4 0.074348 5.0 
7 07-Jan 4 0.074590 5.0 
7 07-Jan 28 0.074567 5.0 
8 08-Jan 4 0.074199 5.0 
8 08-Jan 28 0.074162 5.0 
10 10-Jan 4 0.073650 5.0 
10 10-Jan 28 0.074006 5.0 
11 11-Jan 28 0.074749 5.0 
12 12-Jan 4 0.074553 5.0 
12 12-Jan 28 0.074148 5.0 
13 13-Jan 4 0.074465 5.0 
14 14-Jan 4 0.074601 5.0 
14 14-Jan 28 0.074587 5.0 
15 15-Jan 4 0.074913 5.0 
16 16-Jan 4 0.075139 5.0 
16 16-Jan 28 0.075068 5.0 
17 17-Jan 4 0.074836 5.0 
17 17-Jan 28 0.074955 5.0 
18 18-Jan 4 0.075114 5.0 
18 18-Jan 28 0.074776 5.0 
19 19-Jan 4 0.074704 5.0 
19 19-Jan 28 0.074238 5.0 
20 20-Jan 4 0.074396 5.0 
20 20-Jan 28 0.074502 5.0 
21 21-Jan 4 0.074846 5.0 
21 21-Jan 28 0.074810 5.0 
22 22-Jan 4 0.074834 5.0 
22 22-Jan 28 0.074777 5.0 
23 23-Jan 4 0.074782 5.0 
24 24-Jan 28 0.074453 5.0 
25 25-Jan 4 0.074307 5.0 
25 25-Jan 28 0.074740 5.0 
26 26-Jan 4 0.074684 5.0 
26 26-Jan 28 0.074704 5.0 
27 27-Jan 4 0.074657 5.0 
27 27-Jan 28 0.074653 5.0 
28 28-Jan 4 0.074791 5.0 
28 28-Jan 28 0.074514 5.0 
29 29-Jan 4 0.074607 5.0 
30 30-Jan 4 0.074678 5.0 
30 30-Jan 28 0.074727 5.0 
31 31-Jan 4 0.074722 5.0 
32 01-Feb 28 0.074356 5.0 
33 02-Feb 4 0.074670 5.0 
34 03-Feb 4 0.074824 5.0 
34 03-Feb 28 0.074647 5.0 
36 05-Feb 4 0.074618 5.0 
36 05-Feb 28 0.074624 5.0 
37 06-Feb 4 0.074253 5.0 
38 07-Feb 4 0.074892 5.0 
39 08-Feb 4 0.074728 5.0 
40 09-Feb 4 0.074152 5.0 
40 09-Feb 28 0.074374 5.0 
41 10-Feb 4 0.074683 5.0 
41 10-Feb 28 0.074566 5.0 
42 11-Feb 4 0.074628 5.0 
42 11-Feb 28 0.074441 5.0 
43 12-Feb 28 0.073994 5.0 
44 13-Feb 4 0.074108 5.0 
44 13-Feb 28 0.073855 5.0 
45 14-Feb 4 0.074245 5.0 
46 15-Feb 4 0.074415 5.0 
46 15-Feb 28 0.074117 5.0 
47 16-Feb 28 0.074357 5.0 
48 17-Feb 28 0.073835 5.0 
49 18-Feb 4 0.074002 5.0 
49 18-Feb 28 0.074061 5.0 
50 19-Feb 4 0.074362 5.0 
50 19-Feb 28 0.074130 5.0 
51 20-Feb 4 0.074162 5.0 
51 20-Feb 28 0.073425 5.0 
52 21-Feb 4 0.073892 5.0 
52 21-Feb 28 0.074106 5.0 
53 22-Feb 4 0.074498 5.0 
53 22-Feb 28 0.073980 5.0 
54 23-Feb 4 0.074320 5.0 
54 23-Feb 28 0.073703 5.0 
55 24-Feb 4 0.074127 5.0 
55 24-Feb 28 0.073788 5.0 
56 25-Feb 4 0.074085 5.0 
56 25-Feb 28 0.073803 5.0 
57 26-Feb 4 0.074097 5.0 
57 26-Feb 28 0.073728 5.0 
58 27-Feb 4 0.074050 5.0 
58 27-Feb 28 0.073674 5.0 
59 28-Feb 4 0.074181 5.0 
59 28-Feb 28 0.073578 5.0 
60 01-Mar 4 0.074201 5.0 
60 01-Mar 28 0.073753 5.0 
61 02-Mar 28 0.073607 5.0 
62 03-Mar 4 0.074050 5.0 
62 03-Mar 28 0.073660 5.0 
62 03-Mar 30 0.073711 5.0 
63 04-Mar 4 0.074045 5.0 
63 04-Mar 6 0.073930 5.0 
63 04-Mar 28 0.073608 5.0 
63 04-Mar 30 0.073681 5.0 
64 05-Mar 4 0.073739 5.0 
64 05-Mar 28 0.072947 5.0 
65 06-Mar 4 0.073759 5.0 
65 06-Mar 28 0.073217 5.0 
66 07-Mar 4 0.073510 5.0 
66 07-Mar 28 0.073392 5.0 
67 08-Mar 4 0.073514 5.0 
67 08-Mar 28 0.073145 5.0 
68 09-Mar 4 0.073251 5.0 
68 09-Mar 28 0.073035 5.0 
69 10-Mar 4 0.073603 5.0 
69 10-Mar 28 0.073408 5.0 
70 11-Mar 4 0.073739 5.0 
70 11-Mar 28 0.073260 5.0 
71 12-Mar 4 0.073483 5.0 
71 12-Mar 28 0.072943 5.0 
72 13-Mar 4 0.073177 5.0 
72 13-Mar 28 0.073702 5.0 
73 14-Mar 4 0.073723 5.0 
73 14-Mar 28 0.073615 5.0 
74 15-Mar 28 0.073553 5.0 
75 16-Mar 28 0.073202 5.0 
76 17-Mar 28 0.073431 5.0 
81 22-Mar 28 0.073614 5.0 
83 24-Mar 4 0.073615 5.0 
83 24-Mar 28 0.073557 5.0 
84 25-Mar 4 0.073085 5.0 
84 25-Mar 28 0.073587 5.0 
85 26-Mar 4 0.073798 5.0 
86 27-Mar 4 0.073885 5.0 
86 27-Mar 28 0.073624 5.0 
87 28-Mar 4 0.074066 5.0 
87 28-Mar 28 0.073796 5.0 
88 29-Mar 4 0.074152 5.0 
88 29-Mar 28 0.073490 5.0 
89 30-Mar 4 0.074016 5.0 
89 30-Mar 28 0.073927 5.0 
90 31-Mar 4 0.074155 5.0 
90 31-Mar 28 0.074391 5.0 
91 01-Apr 4 0.074150 5.0 
91 01-Apr 28 0.073770 5.0 
92 02-Apr 4 0.074195 5.0 
92 02-Apr 28 0.073738 5.0 
93 03-Apr 4 0.074043 5.0 
93 03-Apr 28 0.073804 5.0 
94 04-Apr 4 0.073611 5.0 
94 04-Apr 28 0.074042 5.0 
95 05-Apr 4 0.074131 5.0 
95 05-Apr 28 0.073893 5.0 
96 06-Apr 4 0.073882 5.0 
96 06-Apr 28 0.073457 5.0 
97 07-Apr 4 0.073483 5.0 
97 07-Apr 28 0.073985 5.0 
98 08-Apr 28 0.073525 5.0 
99 09-Apr 4 0.073917 5.0 
99 09-Apr 28 0.073642 5.0 
100 10-Apr 4 0.073876 5.0 
101 11-Apr 28 0.073360 5.0 
102 12-Apr 4 0.073850 5.0 
102 12-Apr 28 0.073571 5.0 
103 13-Apr 4 0.073865 5.0 
104 14-Apr 4 0.073506 5.0 
105 15-Apr 4 0.073903 5.0 
105 15-Apr 28 0.074027 5.0 
106 16-Apr 4 0.074248 5.0 
106 16-Apr 28 0.074059 5.0 
107 17-Apr 4 0.074243 5.0 
108 18-Apr 4 0.073754 5.0 
108 18-Apr 28 0.073611 5.0 
110 20-Apr 28 0.074110 5.0 
111 21-Apr 28 0.073646 5.0 
112 22-Apr 28 0.073428 5.0 
113 23-Apr 28 0.073366 5.0 
114 24-Apr 4 0.073880 5.0 
114 24-Apr 28 0.073944 5.0 
115 25-Apr 28 0.074035 5.0 
117 27-Apr 28 0.073660 5.0 
118 28-Apr 4 0.073514 5.0 
119 29-Apr 4 0.073728 5.0 
119 29-Apr 28 0.073850 5.0 
120 30-Apr 4 0.074172 5.0 
120 30-Apr 28 0.073799 5.0 
121 01-May 28 0.073299 5.0 
122 02-May 4 0.073802 5.0 
122 02-May 28 0.073845 5.0 
123 03-May 4 0.073981 5.0 
123 03-May 28 0.073520 5.0 
124 04-May 28 0.073880 5.0 
127 07-May 4 0.074185 5.0 
127 07-May 28 0.074120 5.0 
128 08-May 28 0.073908 5.0 
131 11-May 4 0.073866 5.0 
131 11-May 28 0.073526 5.0 
132 12-May 4 0.073967 5.0 
132 12-May 28 0.073731 5.0 
133 13-May 4 0.073988 5.0 
133 13-May 28 0.073955 5.0 
134 14-May 4 0.073998 5.0 
136 16-May 28 0.073587 5.0 
137 17-May 4 0.074027 5.0 
138 18-May 4 0.074315 5.0 
138 18-May 28 0.074138 5.0 
139 19-May 28 0.074013 5.0 
142 22-May 4 0.074290 5.0 
142 22-May 28 0.073331 5.0 
143 23-May 4 0.073791 5.0 
145 25-May 28 0.073985 5.0 
147 27-May 28 0.073245 5.0 
148 28-May 4 0.073533 5.0 
148 28-May 28 0.073693 5.0 
152 01-Jun 28 0.073523 5.0 
153 02-Jun 28 0.073599 5.0 
154 03-Jun 4 0.074146 5.0 
154 03-Jun 28 0.073582 5.0 
155 04-Jun 4 0.073885 5.0 
155 04-Jun 28 0.073423 5.0 
156 05-Jun 4 0.073633 5.0 
157 06-Jun 4 0.073874 5.0 
157 06-Jun 28 0.073616 5.0 
158 07-Jun 4 0.073865 5.0 
159 08-Jun 4 0.074138 5.0 
159 08-Jun 28 0.073767 5.0 
161 10-Jun 4 0.073620 5.0 
161 10-Jun 28 0.073313 5.0 
162 11-Jun 4 0.073610 5.0 
162 11-Jun 28 0.073602 5.0 
163 12-Jun 4 0.073934 5.0 
163 12-Jun 28 0.073670 5.0 
165 14-Jun 28 0.073322 5.0 
166 15-Jun 4 0.073661 5.0 
167 16-Jun 28 0.073390 5.0 
168 17-Jun 28 0.073676 5.0 
169 18-Jun 28 0.073442 5.0 
170 19-Jun 4 0.073858 5.0 
170 19-Jun 28 0.073538 5.0 
171 20-Jun 4 0.073775 5.0 
171 20-Jun 28 0.073407 5.0 
172 21-Jun 4 0.073666 5.0 
172 21-Jun 28 0.073337 5.0 
173 22-Jun 4 0.073876 5.0 
173 22-Jun 28 0.073625 5.0 
175 24-Jun 4 0.073917 5.0 
175 24-Jun 28 0.073582 5.0 
176 25-Jun 4 0.073958 5.0 
176 25-Jun 28 0.073720 5.0 
178 27-Jun 4 0.073670 5.0 
178 27-Jun 28 0.073577 5.0 
179 28-Jun 28 0.073308 5.0 
181 30-Jun 4 0.073814 5.0 
182 01-Jul 28 0.073694 5.0 
183 02-Jul 4 0.074162 5.0 
183 02-Jul 28 0.073815 5.0 
184 03-Jul 4 0.073510 5.0 
185 04-Jul 28 0.073886 5.0 
186 05-Jul 4 0.074077 5.0 
186 05-Jul 28 0.073631 5.0 
188 07-Jul 4 0.073885 5.0 
188 07-Jul 28 0.073742 5.0 
190 09-Jul 4 0.074046 5.0 
191 10-Jul 4 0.074364 5.0 
191 10-Jul 28 0.073807 5.0 
192 11-Jul 4 0.074242 5.0 
192 11-Jul 28 0.074000 5.0 
195 14-Jul 28 0.073625 5.0 
196 15-Jul 4 0.074071 5.0 
196 15-Jul 28 0.073669 5.0 
197 16-Jul 4 0.074123 5.0 
198 17-Jul 28 0.073820 5.0 
199 18-Jul 4 0.074104 5.0 
199 18-Jul 28 0.073812 5.0 
200 19-Jul 4 0.074353 5.0 
200 19-Jul 28 0.073948 5.0 
201 20-Jul 4 0.074313 5.0 
201 20-Jul 28 0.073796 5.0 
203 22-Jul 28 0.073887 5.0 
204 23-Jul 4 0.074104 5.0 
204 23-Jul 28 0.073805 5.0 
205 24-Jul 4 0.074213 5.0 
205 24-Jul 28 0.073873 5.0 
206 25-Jul 4 0.074102 5.0 
208 27-Jul 4 0.074422 5.0 
208 27-Jul 28 0.074120 5.0 
209 28-Jul 4 0.074417 5.0 
209 28-Jul 28 0.074066 5.0 
210 29-Jul 4 0.074328 5.0 
210 29-Jul 28 0.074042 5.0 
211 30-Jul 4 0.074105 5.0 
211 30-Jul 28 0.073849 5.0 
212 31-Jul 4 0.073313 5.0 
212 31-Jul 28 0.073605 5.0 
213 01-Aug 4 0.073994 5.0 
213 01-Aug 28 0.073745 5.0 
214 02-Aug 4 0.073993 5.0 
215 03-Aug 4 0.074238 5.0 
215 03-Aug 28 0.073861 5.0 
217 05-Aug 28 0.074085 5.0 
218 06-Aug 4 0.074352 5.0 
219 07-Aug 28 0.074077 5.0 
220 08-Aug 4 0.074176 5.0 
220 08-Aug 28 0.073785 5.0 
221 09-Aug 28 0.073780 5.0
222 10-Aug 28 0.073807 5.0 
223 11-Aug 4 0.074048 5.0 
223 11-Aug 28 0.073828 5.0 
224 12-Aug 4 0.074148 5.0 
224 12-Aug 28 0.073846 5.0 
225 13-Aug 4 0.074366 5.0 
225 13-Aug 28 0.073927 5.0 
226 14-Aug 4 0.074299 5.0 
226 14-Aug 28 0.073805 5.0 
227 15-Aug 4 0.073897 5.0 
227 15-Aug 28 0.073876 5.0 
228 16-Aug 4 0.074028 5.0 
229 17-Aug 4 0.074148 5.0 
229 17-Aug 28 0.073651 5.0 
230 18-Aug 4 0.074036 5.0 
230 18-Aug 28 0.073457 5.0 
231 19-Aug 4 0.073871 5.0 
231 19-Aug 28 0.073384 5.0 
232 20-Aug 4 0.073922 5.0 
232 20-Aug 28 0.073430 5.0 
233 21-Aug 4 0.073743 5.0 
233 21-Aug 28 0.073597 5.0 
234 22-Aug 4 0.074028 5.0 
234 22-Aug 28 0.073548 5.0 
236 24-Aug 4 0.073784 5.0 
236 24-Aug 28 0.073492 5.0 
237 25-Aug 4 0.073860 5.0 
237 25-Aug 28 0.073601 5.0 
238 26-Aug 28 0.073278 5.0 
239 27-Aug 4 0.073787 5.0 
239 27-Aug 28 0.073264 5.0 
240 28-Aug 4 0.073565 5.0 
241 29-Aug 4 0.074125 5.0 
241 29-Aug 28 0.073612 5.0 
242 30-Aug 4 0.074024 5.0 
242 30-Aug 28 0.073527 5.0 
243 31-Aug 4 0.073905 5.0 
243 31-Aug 28 0.073144 5.0 
244 01-Sep 4 0.073483 5.0 
245 02-Sep 4 0.073372 5.0 
245 02-Sep 28 0.073220 5.0 
246 03-Sep 4 0.073440 5.0 
246 03-Sep 28 0.073216 5.0 
247 04-Sep 4 0.073672 5.0 
247 04-Sep 28 0.073115 5.0 
248 05-Sep 4 0.073372 5.0 
249 06-Sep 4 0.073418 5.0 
249 06-Sep 28 0.073220 5.0 
250 07-Sep 4 0.073499 5.0 
250 07-Sep 28 0.073117 5.0 
251 08-Sep 4 0.073480 5.0 
251 08-Sep 28 0.073269 5.0 
252 09-Sep 4 0.073318 5.0 
252 09-Sep 28 0.073108 5.0 
253 10-Sep 4 0.073794 5.0 
253 10-Sep 28 0.073459 5.0 
254 11-Sep 4 0.073886 5.0 
254 11-Sep 28 0.073294 5.0 
255 12-Sep 4 0.073999 5.0 
255 12-Sep 28 0.073063 5.0 
256 13-Sep 4 0.073714 5.0 
256 13-Sep 28 0.073490 5.0 
257 14-Sep 4 0.073934 5.0 
257 14-Sep 28 0.073167 5.0 
258 15-Sep 28 0.073457 5.0 
260 17-Sep 4 0.074052 5.0 
260 17-Sep 28 0.073615 5.0 
261 18-Sep 4 0.073506 5.0 
261 18-Sep 28 0.073855 5.0 
262 19-Sep 4 0.074123 5.0 
262 19-Sep 28 0.073935 5.0 
265 22-Sep 4 0.074323 5.0 
265 22-Sep 28 0.074096 5.0 
268 25-Sep 4 0.074641 5.0 
268 25-Sep 28 0.074240 5.0 
269 26-Sep 4 0.074405 5.0 
269 26-Sep 28 0.074054 5.0 
270 27-Sep 4 0.074327 5.0 
270 27-Sep 28 0.074104 5.0 
271 28-Sep 4 0.073877 5.0 
271 28-Sep 28 0.074287 5.0 
272 29-Sep 4 0.074533 5.0
274 01-Oct 28 0.074610 5.0 
275 02-Oct 28 0.074570 5.0 
276 03-Oct 4 0.074608 5.0 
276 03-Oct 28 0.074695 5.0 
278 05-Oct 4 0.074321 5.0 
278 05-Oct 28 0.073969 5.0 
279 06-Oct 4 0.074487 5.0 
280 07-Oct 4 0.074450 5.0 
280 07-Oct 28 0.074798 5.0 
281 08-Oct 28 0.075038 5.0 
282 09-Oct 4 0.074742 5.0 
282 09-Oct 28 0.074181 5.0 
283 10-Oct 4 0.074495 5.0 
283 10-Oct 28 0.074702 5.0 
284 11-Oct 4 0.074773 5.0 
285 12-Oct 4 0.075041 5.0 
287 14-Oct 4 0.074797 5.0 
288 15-Oct 4 0.074639 5.0 
288 15-Oct 28 0.075034 5.0 
289 16-Oct 4 0.075357 5.0 
290 17-Oct 28 0.074785 5.0 
291 18-Oct 4 0.074597 5.0 
291 18-Oct 28 0.075078 5.0 
292 19-Oct 28 0.074821 5.0 
293 20-Oct 4 0.074559 5.0 
293 20-Oct 28 0.075072 5.0 
294 21-Oct 4 0.074447 5.0 
294 21-Oct 28 0.074802 5.0 
295 22-Oct 4 0.075297 5.0 
295 22-Oct 28 0.075595 5.0 
296 23-Oct 4 0.075402 5.0 
296 23-Oct 28 0.075111 5.0 
297 24-Oct 4 0.075518 5.0 
297 24-Oct 28 0.075071 5.0 
298 25-Oct 4 0.074585 5.0 
298 25-Oct 28 0.075218 5.0 
299 26-Oct 4 0.075167 5.0 
299 26-Oct 28 0.075755 5.0 
300 27-Oct 4 0.075469 5.0 
300 27-Oct 28 0.075415 5.0 
301 28-Oct 4 0.075742 5.0 
302 29-Oct 28 0.075850 5.0 
303 30-Oct 4 0.075651 5.0 
304 31-Oct 4 0.075005 5.0 
304 31-Oct 28 0.075684 5.0 
305 01-Nov 28 0.075960 5.0 
306 02-Nov 4 0.075172 5.0 
306 02-Nov 28 0.075738 5.0 
307 03-Nov 4 0.075517 5.0 
308 04-Nov 4 0.075791 5.0 
309 05-Nov 28 0.075830 5.0 
310 06-Nov 28 0.075660 5.0 
311 07-Nov 4 0.075516 5.0 
311 07-Nov 28 0.076099 5.0 
312 08-Nov 4 0.075859 5.0 
312 08-Nov 28 0.076216 5.0 
313 09-Nov 28 0.076208 5.0 
315 11-Nov 4 0.075860 5.0 
315 11-Nov 28 0.076092 5.0 
316 12-Nov 4 0.075641 5.0 
316 12-Nov 28 0.076130 5.0 
317 13-Nov 4 0.076328 5.0 
317 13-Nov 28 0.076250 5.0 
319 15-Nov 4 0.075575 5.0 
319 15-Nov 28 0.076233 5.0 
320 16-Nov 4 0.076055 5.0 
320 16-Nov 28 0.076222 5.0 
321 17-Nov 28 0.076412 5.0 
322 18-Nov 4 0.076227 5.0 
322 18-Nov 28 0.076278 5.0 
324 20-Nov 4 0.076057 5.0 
324 20-Nov 28 0.076573 5.0 
326 22-Nov 4 0.076239 5.0 
326 22-Nov 28 0.076540 5.0 
327 23-Nov 28 0.076568 5.0 
328 24-Nov 4 0.076585 5.0 
328 24-Nov 28 0.076422 5.0 
329 25-Nov 18 0.063685 5.0 
329 25-Nov 28 0.063872 5.0 
330 26-Nov 4 0.063624 5.0 
330 26-Nov 28 0.063816 5.0 
331 27-Nov 4 0.063676 5.0 
332 28-Nov 4 0.063302 5.0 
332 28-Nov 28 0.063422 5.0 
333 29-Nov 4 0.063644 5.0 
333 29-Nov 28 0.063763 5.0 
335 01-Dec 28 0.064001 5.0 
336 02-Dec 4 0.065018 5.0 
336 02-Dec 28 0.065236 5.0 
337 03-Dec 4 0.065138 5.0 
339 05-Dec 4 0.064808 5.0 
339 05-Dec 28 0.065176 5.0 
340 06-Dec 4 0.065041 5.0 
340 06-Dec 28 0.065039 5.0 
341 07-Dec 4 0.064953 5.0 
341 07-Dec 28 0.065235 5.0 
344 10-Dec 4 0.064871 5.0 
344 10-Dec 28 0.065135 5.0 
345 11-Dec 4 0.064852 5.0 
345 11-Dec 28 0.065105 5.0 
346 12-Dec 4 0.064956 5.0 
346 12-Dec 28 0.065022 5.0 
347 13-Dec 4 0.065136 5.0 
347 13-Dec 28 0.065412 5.0 
349 15-Dec 4 0.065299 5.0 
349 15-Dec 28 0.065553 5.0 
350 16-Dec 4 0.065230 5.0 
350 16-Dec 28 0.065286 5.0 
351 17-Dec 4 0.065821 5.0 
351 17-Dec 28 0.065758 5.0 
352 18-Dec 4 0.065597 5.0 
352 18-Dec 28 0.065398 5.0 
353 19-Dec 4 0.065518 5.0 
353 19-Dec 28 0.065685 5.0 
354 20-Dec 4 0.065746 5.0 
355 21-Dec 4 0.065555 5.0 
355 21-Dec 28 0.065592 5.0 
356 22-Dec 4 0.065416 5.0 
356 22-Dec 28 0.065328 5.0 
357 23-Dec 4 0.065142 5.0 
357 23-Dec 28 0.065072 5.0 
358 24-Dec 4 0.065030 5.0 
359 25-Dec 28 0.065636 5.0 
360 26-Dec 4 0.065445 5.0 
360 26-Dec 28 0.065725 5.0
361 27-Dec 4 0.065647 5.0 
361 27-Dec 28 0.065616 5.0 
362 28-Dec 4 0.065607 5.0 
362 28-Dec 28 0.065556 5.0 
363 29-Dec 4 0.065757 5.0 
363 29-Dec 28 0.065655 5.0 
364 30-Dec 4 0.065866 5.0 
365 31-Dec 4 0.065642 5.0 
365 31-Dec 28 0.066288 5.0 
